1000
-4140
3194
1340
761
-1396
5693
-2497
-1928
-2981
-8731
3782
-1883
4268
-2981
2596
-3347
72
-5226
-2670
8792
4932
1710
1525
4086
7226
-6846
-4527
5783
-359
4587
-4294
-9680
-9140
-334
-5594
-8934
8357
-6836
9606
-4911
8954
4879
-6501
9891
-5051
8515
-154
-8284
-8541
-1028
3519
-5087
5202
8740
-9861
-5268
8462
9606
1018
-6185
1628
826
-8072
1641
4288
9288
-6415
-3435
-1296
-8361
0
-9111
1657
5263
3927
-1789
9713
-4669
-2910
-7927
-1220
-2682
-5484
-582
-1039
-8698
-8745
9706
-9208
5590
9213
-5799
-9624
-8016
-5145
9845
1140
-3524
2359
5142
5986
7012
-8425
-7246
-1035
3416
9398
4707
-6454
-5448
-7633
-6404
2493
-1047
-8663
3658
7951
3918
-1515
5898
2463
273
0
6181
-8087
8936
-2102
-4522
-2257
5384
9187
3961
4982
7794
-8612
-3469
8936
979
766
9846
9683
-8221
7142
4562
-8666
-3219
-2412
2755
343
-7219
-1540
1870
-5958
3602
-3008
3390
-6388
629
812
-5964
-2432
9717
1340
8921
-782
-8442
-6740
540
-9955
8005
-1092
9008
6398
6153
0
-5615
772
7126
3595
9722
-4148
7570
-3031
-7359
-2888
-4351
5761
-9243
-4507
1205
2048
-2514
-2164
9952
-5816
3532
-2522
-6468
-6400
-8148
3080
4783
4461
1321
8564
2409
9380
-6881
7084
-4216
-8573
-5399
9663
6653
-8978
5197
-146
-7652
976
2080
1052
718
3960
6821
202
-9647
-9227
-7293
5041
7703
7944
274
-7247
-8397
6657
6601
9548
-8362
7546
9071
-6050
6703
3462
6654
-8763
-8307
6143
5349
-6695
596
-413
-3566
5863
-7348
-3708
-2707
343
-5274
-2821
-3262
3738
418
-7642
-8965
2372
-9839
7780
3226
-4986
7619
-6840
980
-8657
-3290
-9293
4578
-4958
-245
8908
-8938
3385
-7468
-704
2983
-2295
6730
-4003
-5059
7267
-3720
234
9013
-1280
4017
-6289
5038
-6968
7639
-350
0
4253
1769
-7709
-1486
4147
2262
1700
2071
-9804
1077
-3970
-5558
7568
8264
6957
-7543
3406
-8345
8005
-2660
-9828
-7041
8444
8766
-6774
854
2190
5232
-9848
-160
6042
2933
7136
166
1389
3339
-7188
-2918
-9104
-3553
2535
4925
2147
-1677
8403
8288
-3211
-9036
9111
6368
-748
-2116
5200
-5358
-7698
7783
151
-5660
-4815
-6541
-4652
-3643
-4542
8743
-6214
516
-3833
2042
-8105
5422
8266
-7139
-2789
-9721
948
9333
4389
5551
-2359
-7367
24
-8536
-7982
7226
-5450
9468
4565
-8867
7169
-5346
-122
1718
6650
9371
-2420
6249
-1399
1342
-6043
3725
4047
451
4711
-888
8922
-3886
6016
-9842
-6415
-2227
6561
1300
-1267
-6262
-3800
-7365
-9694
9158
9588
5281
-5029
3175
849
1185
851
5126
-8658
-9253
-4369
-8396
-9954
0
6747
-1936
-5025
1021
-4635
-1914
-2148
9264
-7955
2100
-4973
3545
-9237
-2090
-8440
-9516
4692
7357
-9100
-3413
-2909
5681
6565
-9964
10000
7874
-9008
5008
-6945
-5868
5922
-3006
-4045
-8376
3866
-9206
7970
426
-1507
-9746
-9125
-3124
5670
3163
-1599
417
3879
-2017
-12
-2006
6580
-2143
6947
6094
-4297
-2971
-7229
-7675
-5777
-5616
-289
-2366
629
4233
5323
-9571
-9217
6768
-487
3105
-4231
7118
2884
-9255
9239
2641
4518
-6084
7905
-1685
-7295
-1122
-5751
-3909
-2607
-5330
-7415
-9973
-5341
-8557
1479
7314
7902
-7723
9013
-9098
3374
4136
1068
2402
2754
3839
-7374
-8929
112
7119
-9972
-1563
-4462
5230
2076
-9346
3338
9826
7061
-9778
2156
-4117
-7754
2576
8559
-1649
7120
4836
-4490
0
-8261
-8551
5853
-4346
7325
5075
1666
-6880
-199
2269
-4729
8363
664
8973
5202
2466
7193
-1030
1779
128
6797
-8636
4469
-8384
-2396
8160
9606
-8942
2316
-9549
2292
-5871
7097
-5212
9131
4758
1646
5248
-5935
8901
-8998
9588
-6854
-2599
-12
3946
2650
6324
-4132
376
9361
-1263
9653
-4948
-3504
-1313
-4596
6781
9508
6019
-39
5625
8515
-9440
-9793
6675
-7125
-5380
4453
9955
1875
1548
3816
-9143
5712
-7542
6776
-9011
6666
4307
6059
-2958
-7670
-6336
-645
5722
-673
9459
9315
-9829
9172
-7375
2940
2636
-43
3876
491
-3675
7581
6491
8200
-5037
-1378
-4827
7133
7501
-2767
-3976
1209
6647
-8435
336
-2548
-4588
1577
-5843
7126
5896
0
-6972
-60
-279
-9203
66
-8439
9517
2000
-6129
-7685
-5897
6232
9395
-7234
2790
3839
7618
5598
-4793
-3796
-5870
-370
3594
-4620
2115
5792
5810
1600
5682
-7306
-1119
-9285
-5014
-1122
2084
-98
-9162
8424
481
33
3957
5099
-9862
-2999
4274
-1840
9084
1004
-5552
-3215
-2631
0
-3512
-647
3749
-1824
8993
-297
9907
3047
6226
2757
-4368
-5638
-6688
5291
7160
4242
-6064
-4813
109
668
5115
7929
8462
6819
-3761
472
5341
6076
1562
9393
5509
5223
-8052
-772
-8644
5238
-5347
-358
8428
8044
9341
-4703
-6223
2507
8347
-4142
-1596
-3470
-3082
-2583
3327
32
-674
0
5445
-9998
271
1675
7458
-1827
412
-7956
3533
-6664
-7653
-5270
594
-5562
-1756
4441
-7462
-9898
-7169
-4354
-2397
-4118
1665
1823
1469
2466
1381
9381
-8243
6796
-9020
-1383
2174
-9414
-7302
-5829
-1543
8607
-9562
-7898
-1752
-3820
-1358
6944
-642
-3344
1960
7380
-1225
8717
-3242
-9616
-7550
3045
672
-2112
-2059
-7029
-9601
-2598
-5864
5206
8439
-1512
5711
7607
4747
9528
7057
-164
3888
9259
-899
9300
-7126
-3252
2774
7936
9651
6412
3273
814
9174
3706
9753
9737
-4184
9759
-5074
5200
-2561
1949
544
3685
6987
5369
7854
-7494
-9209
-9237
-6095
-1485
-5479
-8936
8938
-3244
5947
-606
7579
-1026
8904
-9260
-4083
8073
-3016
8785
-8685
-7552
6210
0
-1755
5630
5795
-6732
8829
-8680
1107
-6817
6351
-1163
-3152
-1763
-7521
-3392
1137
-3854
4067
-6113
-8602
-3994
-5420
3464
297
-3604
2358
-703
1290
-7516
5584
9957
55
-8658
-8916
-4869
1075
1003
-9309
-8025
3785
-8475
-6492
7363
2489
-2891
1978
-7030
5818
-6416
-5628
-5602
-2727
1688
-4703
-2367
7503
-2776
-973
9647
5039
4790
-7452
4807
-3284
8385
-1711
-7981
-741
-2302
4976
-1717
-6543
7170
-442
8579
-4485
7016
-3604
5884
7193
9153
3103
-26
-3209
-4751
-7682
-6396
-7730
9065
-8307
4810
-5294
9746
6302
-9023
0
8357
6601
