1867
5
791
23
550
141
48
516
843
892
700
722
246
461
50
610
322
956
884
535
93
373
774
874
787
369
550
39
204
741
645
764
468
85
619
284
418
101
346
837
237
392
38
873
801
84
209
438
887
890
939
347
809
954
560
972
359
799
817
81
253
593
1000
609
863
14
424
732
949
754
671
17
46
648
816
667
129
57
532
343
494
716
236
270
613
421
845
236
237
835
560
217
742
516
385
479
966
774
916
7
391
71
40
407
981
735
257
567
978
109
949
786
691
980
132
574
919
230
677
385
872
91
994
901
129
986
124
288
853
275
517
13
494
224
271
750
535
635
636
338
801
650
347
945
963
480
919
138
304
73
714
117
513
537
777
436
829
962
367
167
53
635
722
591
181
849
749
243
625
173
552
14
221
101
55
407
858
836
401
3
307
345
716
749
623
606
602
255
151
709
620
671
517
692
385
918
306
10
129
162
995
310
643
793
55
602
395
755
901
382
589
86
772
128
583
64
274
836
539
739
738
499
848
647
865
627
749
868
924
15
278
932
281
647
23
189
411
522
594
900
759
338
306
238
473
158
184
66
413
659
868
962
304
413
861
575
940
599
633
88
463
726
84
328
31
570
110
929
61
554
525
890
707
518
857
530
414
607
107
344
275
634
413
863
852
452
940
549
65
555
238
307
745
844
909
37
538
971
837
322
455
846
800
965
606
738
847
314
312
645
300
454
444
45
582
238
952
329
70
102
157
469
941
598
721
301
431
982
867
440
724
976
916
624
939
468
101
678
316
270
93
417
91
141
487
212
764
662
675
464
681
47
336
484
341
638
534
814
559
910
772
363
49
356
35
412
763
498
779
340
832
624
800
405
478
168
613
62
442
594
621
813
109
772
941
429
394
722
951
97
663
4
539
24
746
135
218
339
561
378
885
865
10
869
61
647
258
294
850
339
119
400
782
765
219
102
932
872
273
532
306
108
218
877
924
790
581
168
91
313
214
102
826
968
827
646
325
669
476
783
168
293
962
998
492
693
391
395
797
677
484
363
248
801
633
596
679
480
775
145
466
830
327
36
530
352
72
188
60
740
170
969
915
495
905
456
949
128
337
647
186
336
731
164
844
626
772
597
583
43
648
8
993
673
38
421
844
448
760
249
892
743
89
197
418
714
486
129
542
682
468
716
861
460
853
853
784
364
273
412
513
993
651
771
380
571
598
703
754
572
353
576
914
275
46
987
887
272
39
336
499
678
635
697
842
552
848
693
776
780
157
252
687
24
23
30
120
788
753
785
151
541
734
209
54
473
835
596
241
679
860
772
282
742
936
201
759
464
975
722
65
880
126
700
216
573
182
770
601
367
237
46
583
73
645
133
179
80
63
427
978
632
737
776
800
13
716
943
795
248
753
177
345
680
151
741
726
21
166
953
769
276
71
100
393
397
465
254
957
30
574
975
603
880
73
178
265
875
403
969
963
454
128
899
75
21
721
536
773
900
53
283
966
362
666
344
141
689
308
719
566
788
804
704
578
181
722
842
371
978
896
536
439
585
572
333
4
220
206
760
390
656
542
296
91
277
150
799
773
7
585
580
795
262
530
37
699
4
634
36
627
824
541
625
104
192
966
349
461
712
675
944
293
521
211
992
331
725
482
886
5
489
436
807
480
696
555
995
34
832
77
652
211
110
101
402
976
779
797
833
332
974
378
367
985
646
18
78
672
21
90
631
507
665
556
857
215
315
179
414
40
96
727
543
590
572
967
279
230
744
412
150
105
516
231
700
428
349
130
225
774
223
277
515
873
172
818
596
212
540
192
702
76
610
887
629
678
14
658
408
244
721
376
369
917
521
167
727
976
48
673
985
249
405
66
780
275
183
867
682
707
170
120
310
858
863
559
301
689
866
621
826
182
164
951
787
217
952
649
867
135
9
159
865
475
841
564
515
796
961
953
722
354
339
555
290
669
81
336
960
550
874
760
847
51
767
538
426
389
259
821
247
478
212
557
670
215
848
548
42
486
52
284
880
548
68
157
792
746
374
734
112
775
458
580
140
459
220
894
506
38
819
597
902
927
335
51
385
319
998
988
775
260
856
733
46
597
287
893
69
990
159
226
726
12
985
266
757
54
31
702
996
342
448
492
645
555
533
308
808
456
684
613
43
251
680
100
903
208
71
141
710
700
413
990
773
98
423
232
756
536
952
957
508
220
758
812
19
997
16
767
818
827
319
330
475
60
289
238
117
379
21
320
985
757
451
524
200
467
65
396
516
12
988
175
341
396
723
425
143
936
707
148
525
946
209
354
156
361
277
689
816
412
213
269
265
915
940
871
611
752
300
353
252
993
196
939
348
612
145
798
291
417
685
3
66
950
4
134
557
386
174
260
906
528
346
344
368
536
154
323
810
716
916
277
372
563
316
865
963
160
75
743
594
573
938
228
835
275
191
424
121
79
309
177
968
560
649
862
96
801
346
310
881
212
498
54
456
179
188
153
174
669
261
115
966
44
505
513
288
828
428
369
658
753
212
609
528
598
194
905
112
43
570
17
871
3
513
74
760
896
45
706
240
741
634
505
849
633
547
593
267
613
316
541
135
561
983
13
651
851
115
800
775
272
965
795
947
524
163
674
522
959
735
911
348
434
869
344
933
324
67
976
23
862
243
752
706
681
293
288
11
578
442
763
230
39
407
70
799
546
199
56
285
39
452
871
738
903
800
485
477
857
53
642
581
491
200
885
268
113
866
572
441
175
969
353
139
222
218
821
146
677
571
704
247
550
83
759
647
275
372
849
913
77
418
614
48
527
77
158
808
267
509
688
297
663
896
811
454
415
705
99
711
83
305
544
379
882
186
967
43
396
368
675
957
378
186
39
552
89
35
912
711
89
728
610
972
564
897
129
646
681
506
299
214
886
947
956
64
692
69
744
154
332
372
279
108
759
320
170
39
523
369
550
143
956
313
683
627
988
276
492
827
880
187
90
797
581
366
830
41
904
994
66
227
895
383
797
390
765
217
642
814
456
351
434
444
452
529
485
582
148
640
745
441
662
602
417
402
146
542
717
656
900
435
105
471
239
263
642
346
985
563
384
905
934
924
571
161
66
597
629
824
502
626
44
43
225
225
532
370
331
782
960
583
494
593
51
273
854
397
571
925
109
964
950
463
964
373
149
377
351
635
522
949
102
815
982
358
69
493
618
39
961
906
660
35
337
543
721
302
630
461
7
698
342
241
925
752
866
696
95
709
558
207
327
931
238
658
170
584
971
289
99
25
585
269
784
179
872
476
661
343
52
55
588
959
898
918
440
783
521
933
185
331
379
313
368
949
803
426
815
625
505
714
627
211
83
909
691
843
652
495
524
462
270
534
423
279
172
66
652
242
97
811
305
442
34
317
27
84
43
1
357
453
604
870
597
141
153
520
585
365
259
777
163
268
77
185
137
502
893
205
67
606
289
282
833
461
609
124
219
527
604
744
730
496
487
590
94
200
456
725
778
901
775
192
248
57
58
675
459
466
196
654
670
884
794
834
32
348
756
73
251
292
759
951
496
747
869
515
351
67
947
708
376
574
45
550
601
947
652
672
36
55
95
217
856
639
282
923
788
512
14
335
904
656
836
261
750
485
310
102
323
738
511
891
344
550
631
173
807
933
125
648
220
5
917
55
621
16
448
591
649
828
942
375
829
135
992
401
774
133
959
869
444
79
439
178
66
57
636
424
740
736
268
742
940
686
164
83
176
232
223
864
313
121
537
703
835
449
302
265
853
332
951
58
108
277
234
229
484
56
354
23
201
970
695
873
492
616
132
427
939
992
236
309
973
659
596
988
659
440
231
934
652
799
189
825
172
180
856
393
298
852
649
97
783
279
16
872
543
236
712
158
246
292
336
583
206
719
992
507
353
638
367
318
65
344
547
491
730
376
684
418
107
995
503
303
282
249
430
558
953
370
139
143
494
46
754
775
80
911
876
61
166
71
477
980
997
445
573
585
21
798
387
909
241
616
298
64
100
68
105
744
494
854
736
867
914
142
57
655
130
99
254
64
511
545
284
167
351
962
752
887
849
443
261
347
205
364
616
382
935
562
653
679
938
265
845
695
626
104
169
6
867
974
363
803
355
979
6
421
872
800
985
936
723
59
76
624
873
534
261
920
635
967
628
308
697
292
150
790
760
946
871
216
593
693
125
324
47
627
805
902
315
441
107
170
99
774
448
142
883
626
59
403
911
668
591
162
805
145
153
672
510
126
767
