7500 512
799 780 997 711 814 710 600 666 769 770 534 571 870 756 628 739 988 910 763 686 886 857 783 779 917 999 808 947 675 668 828 966 930 774 582 728 650 988 742 604 969 886 864 537 698 874 525 512 724 726 887 834 700 943 697 584 845 833 796 910 1011 528 514 940 925 638 801 835 707 614 865 761 836 561 856 850 655 931 697 934 976 914 918 736 945 1009 1011 664 613 641 735 910 575 658 631 763 1024 899 706 524 719 942 705 1004 711 704 761 530 990 771 935 656 640 852 522 751 513 855 908 761 878 652 539 640 670 928 903 1018 785 534 583 889 640 738 726 693 539 735 872 802 552 822 860 520 764 686 727 769 615 701 932 913 789 994 1016 653 671 863 751 625 731 885 761 727 572 667 786 766 576 743 745 849 663 710 786 752 1001 654 734 957 525 521 728 710 1001 609 612 931 729 591 813 574 885 1023 641 962 849 593 555 790 633 733 592 997 852 513 702 752 837 810 807 623 849 900 770 584 837 929 618 893 726 904 674 742 711 746 802 912 808 840 877 727 531 817 755 820 548 561 585 769 1020 575 568 968 585 576 684 582 967 863 536 1019 749 734 861 702 761 690 584 673 565 923 653 554 685 725 717 728 617 643 700 683 800 634 643 892 660 614 882 838 965 603 816 589 520 615 699 566 636 754 572 902 774 515 866 974 984 551 586 712 591 780 528 886 654 614 560 958 589 1017 582 891 715 872 650 913 578 583 577 513 951 954 783 881 1022 656 844 634 593 765 828 515 714 754 560 559 691 597 762 568 667 979 733 580 817 856 786 890 759 523 890 948 593 681 946 954 810 956 1021 626 790 979 923 866 943 549 985 749 706 696 529 771 867 689 1000 690 830 738 743 976 810 757 731 773 951 836 801 587 517 705 921 558 925 905 599 670 902 620 762 738 724 629 684 643 548 610 984 1006 656 925 688 951 766 940 656 732 513 614 918 664 823 870 1006 528 798 719 647 856 537 733 748 823 965 779 777 791 536 532 890 655 646 766 707 649 855 585 972 860 945 971 864 1001 878 718 910 892 850 596 762 776 554 904 635 803 803 903 614 970 665 700 539 585 795 656 724 762 1009 571 844 729 710 1002 650 944 619 798 756 668 851 834 805 802 740 817 912 1013 874 782 828 603 582 663 1011 599 555 696 823 677 751 696 998 652
87 2
72 2
34 1
57 1
100 1
159 2
21 1
126 2
342 2
95 1
303 2
119 1
125 1
120 2
318 2
102 2
109 1
67 1
85 1
72 2
91 1
174 2
60 2
35 1
43 1
369 2
249 2
106 1
60 2
222 2
24 1
32 1
22 1
117 1
64 1
174 2
312 2
88 1
66 2
276 2
113 1
77 1
106 1
147 2
92 1
70 1
72 1
87 1
321 2
63 1
26 1
46 1
112 1
34 1
33 1
66 2
83 1
150 2
39 1
138 2
372 2
24 1
276 2
93 2
45 1
75 2
86 1
207 2
198 2
83 1
30 1
345 2
123 2
117 1
81 1
162 2
72 1
357 2
213 2
112 1
105 2
57 1
210 2
159 2
100 1
45 1
291 2
74 1
69 2
228 2
336 2
231 2
53 1
24 1
95 1
294 2
27 1
36 1
351 2
37 1
174 2
82 1
66 1
55 1
168 2
279 2
110 1
24 1
88 1
110 1
300 2
258 2
30 1
20 1
22 1
60 1
40 1
91 1
330 2
270 2
116 1
129 2
159 2
93 2
117 2
116 1
104 1
35 1
339 2
77 1
58 1
309 2
378 2
75 1
114 1
109 1
87 1
46 1
118 1
273 2
174 2
64 1
101 1
381 2
99 1
72 2
81 1
147 2
60 1
93 2
150 2
59 1
306 2
117 1
282 2
111 2
41 1
28 1
297 2
102 1
38 1
222 2
29 1
132 2
126 1
342 2
39 1
94 1
69 1
135 2
69 2
225 2
150 2
102 1
73 1
23 1
327 2
80 1
306 2
69 1
61 1
31 1
138 2
22 1
93 2
213 2
88 1
321 2
87 1
360 2
123 1
25 1
258 2
111 1
378 2
120 2
288 2
34 1
93 2
26 1
162 2
28 1
129 2
76 1
78 2
113 1
128 1
88 1
77 1
360 2
31 1
116 1
85 1
32 1
92 1
55 1
150 2
363 2
40 1
114 1
24 1
204 2
89 1
270 2
123 2
64 1
240 2
360 2
129 2
124 1
171 2
28 1
63 2
156 2
45 1
210 2
115 1
97 1
228 2
69 1
38 1
48 1
86 1
219 2
31 1
51 1
37 1
104 1
147 2
366 2
89 1
26 1
246 2
225 2
33 1
125 1
192 2
381 2
91 1
342 2
91 1
234 2
117 1
100 1
116 1
129 2
50 1
369 2
63 1
348 2
333 2
306 2
279 2
165 2
79 1
67 1
123 1
39 1
79 1
279 2
35 1
46 1
75 1
98 1
68 1
114 2
30 1
351 2
105 1
120 2
28 1
97 1
306 2
348 2
115 1
153 2
264 2
60 1
153 2
62 1
29 1
23 1
168 2
213 2
75 2
54 1
70 1
345 2
36 1
111 2
135 2
351 2
30 1
270 2
129 2
303 2
98 1
72 2
183 2
78 1
80 1
61 1
180 2
144 2
297 2
62 1
282 2
372 2
115 1
96 2
138 2
75 1
102 2
104 1
39 1
315 2
121 1
42 1
81 1
70 1
108 2
336 2
279 2
327 2
36 1
294 2
321 2
128 1
122 1
375 2
35 1
106 1
66 1
309 2
141 2
249 2
156 2
85 1
63 1
96 2
120 2
228 2
122 1
123 1
243 2
183 2
204 2
53 1
132 2
25 1
156 2
327 2
279 2
78 2
165 2
171 2
354 2
80 1
321 2
95 1
121 1
104 1
76 1
79 1
56 1
95 1
119 1
159 2
43 1
60 2
153 2
26 1
252 2
282 2
42 1
30 1
47 1
88 1
210 2
117 2
98 1
144 2
330 2
58 1
189 2
112 1
309 2
288 2
72 2
51 1
183 2
35 1
73 1
117 2
192 2
126 1
177 2
294 2
101 1
312 2
357 2
79 1
285 2
174 2
81 2
300 2
48 1
225 2
93 1
372 2
90 2
54 1
29 1
66 2
128 1
21 1
65 1
363 2
58 1
90 1
174 2
78 2
300 2
127 1
111 2
92 1
351 2
225 2
312 2
246 2
363 2
77 1
90 2
35 1
147 2
90 1
258 2
105 2
41 1
51 1
384 2
189 2
378 2
20 1
156 2
144 2
78 2
291 2
94 1
282 2
59 1
336 2
207 2
99 2
339 2
207 2
69 2
102 2
43 1
102 1
285 2
324 2
294 2
71 1
366 2
66 1
89 1
96 2
243 2
82 1
270 2
87 2
342 2
162 2
315 2
103 1
306 2
204 2
123 2
107 1
198 2
171 2
86 1
74 1
381 2
34 1
60 1
71 1
90 2
43 1
261 2
41 1
106 1
38 1
168 2
132 2
90 1
261 2
381 2
330 2
45 1
65 1
63 2
228 2
72 1
150 2
243 2
156 2
96 1
90 2
204 2
321 2
81 2
297 2
42 1
101 1
57 1
237 2
168 2
183 2
109 1
75 2
222 2
124 1
110 1
30 1
119 1
81 1
116 1
32 1
81 1
366 2
103 1
54 1
276 2
273 2
64 1
106 1
291 2
48 1
261 2
117 1
22 1
93 1
47 1
39 1
372 2
36 1
49 1
63 1
99 1
67 1
57 1
126 1
132 2
67 1
246 2
96 1
71 1
318 2
246 2
99 1
38 1
84 1
228 2
107 1
38 1
222 2
78 2
104 1
54 1
73 1
93 2
36 1
360 2
144 2
339 2
321 2
41 1
31 1
90 1
55 1
159 2
246 2
49 1
84 1
138 2
52 1
46 1
222 2
63 2
132 2
64 1
132 2
48 1
186 2
141 2
117 2
285 2
87 2
85 1
237 2
107 1
267 2
363 2
28 1
103 1
69 1
375 2
128 1
309 2
207 2
279 2
312 2
225 2
360 2
120 1
91 1
118 1
90 2
20 1
88 1
113 1
26 1
183 2
52 1
273 2
49 1
54 1
35 1
60 1
111 1
171 2
70 1
75 1
109 1
342 2
228 2
168 2
99 2
100 1
75 1
40 1
141 2
63 1
68 1
43 1
315 2
297 2
27 1
192 2
219 2
108 1
112 1
69 1
92 1
138 2
69 2
113 1
282 2
219 2
72 2
366 2
174 2
30 1
114 1
66 1
99 1
39 1
78 2
76 1
76 1
324 2
351 2
336 2
91 1
384 2
87 1
126 1
90 1
42 1
25 1
68 1
315 2
105 1
339 2
336 2
177 2
109 1
171 2
243 2
168 2
102 2
366 2
72 1
216 2
189 2
29 1
26 1
38 1
120 2
55 1
106 1
95 1
342 2
282 2
127 1
366 2
321 2
83 1
95 1
315 2
42 1
42 1
291 2
48 1
306 2
61 1
69 1
110 1
87 1
40 1
174 2
363 2
125 1
144 2
96 1
369 2
111 2
66 1
315 2
50 1
26 1
201 2
73 1
90 2
135 2
291 2
70 1
74 1
116 1
141 2
102 1
147 2
285 2
90 1
351 2
75 2
117 2
124 1
69 1
97 1
69 1
115 1
64 1
75 1
90 1
63 1
125 1
21 1
252 2
165 2
23 1
48 1
101 1
67 1
264 2
103 1
66 1
159 2
24 1
255 2
65 1
195 2
64 1
106 1
80 1
93 1
106 1
74 1
83 1
71 1
195 2
315 2
61 1
102 2
213 2
171 2
43 1
384 2
180 2
85 1
357 2
104 1
177 2
118 1
96 2
276 2
81 2
94 1
56 1
72 1
225 2
237 2
37 1
99 2
282 2
58 1
126 2
273 2
128 1
342 2
270 2
210 2
333 2
66 1
41 1
100 1
46 1
48 1
267 2
285 2
66 1
285 2
73 1
104 1
113 1
121 1
84 1
384 2
222 2
28 1
39 1
70 1
84 2
101 1
258 2
78 1
165 2
180 2
28 1
120 2
300 2
291 2
88 1
336 2
381 2
147 2
303 2
54 1
35 1
384 2
58 1
112 1
237 2
128 1
333 2
372 2
84 2
306 2
297 2
306 2
80 1
51 1
40 1
47 1
351 2
54 1
249 2
327 2
105 2
128 1
125 1
84 1
141 2
105 2
94 1
62 1
93 2
66 2
98 1
270 2
67 1
267 2
342 2
80 1
267 2
177 2
273 2
168 2
264 2
95 1
54 1
27 1
31 1
72 1
351 2
288 2
360 2
249 2
306 2
112 1
237 2
207 2
24 1
72 2
312 2
264 2
84 2
129 2
94 1
60 2
249 2
369 2
110 1
177 2
42 1
64 1
210 2
72 1
96 1
180 2
117 2
195 2
363 2
121 1
96 2
70 1
70 1
100 1
249 2
96 2
109 1
77 1
114 1
99 1
327 2
282 2
28 1
63 1
87 2
336 2
327 2
30 1
35 1
192 2
60 2
110 1
111 1
363 2
150 2
117 2
96 2
357 2
30 1
147 2
21 1
68 1
108 2
315 2
58 1
27 1
138 2
297 2
285 2
123 1
70 1
64 1
92 1
183 2
99 1
117 1
102 2
84 1
26 1
86 1
195 2
122 1
315 2
198 2
44 1
124 1
336 2
138 2
121 1
126 2
375 2
90 2
56 1
273 2
72 1
246 2
234 2
49 1
237 2
120 1
330 2
92 1
117 1
103 1
51 1
162 2
125 1
204 2
30 1
201 2
201 2
108 1
186 2
297 2
44 1
108 2
80 1
159 2
51 1
60 2
198 2
21 1
384 2
105 2
113 1
195 2
237 2
92 1
71 1
81 1
87 2
115 1
89 1
174 2
78 2
123 2
79 1
129 2
83 1
89 1
98 1
357 2
366 2
144 2
300 2
49 1
174 2
56 1
124 1
24 1
40 1
60 1
123 2
125 1
255 2
35 1
42 1
156 2
111 2
201 2
81 1
107 1
252 2
375 2
99 1
122 1
171 2
198 2
96 2
369 2
99 1
93 1
150 2
117 1
54 1
378 2
105 1
357 2
138 2
85 1
270 2
303 2
72 2
90 1
315 2
88 1
183 2
384 2
312 2
207 2
219 2
104 1
117 2
109 1
264 2
309 2
111 1
87 1
28 1
102 1
32 1
168 2
26 1
114 1
32 1
261 2
327 2
63 1
44 1
43 1
138 2
237 2
109 1
62 1
60 2
207 2
63 2
22 1
48 1
351 2
84 2
99 1
363 2
104 1
66 1
327 2
342 2
234 2
80 1
126 1
192 2
141 2
144 2
88 1
60 2
336 2
87 2
70 1
213 2
123 2
71 1
68 1
372 2
180 2
264 2
207 2
100 1
78 1
87 2
65 1
375 2
41 1
30 1
34 1
61 1
76 1
84 2
27 1
369 2
294 2
82 1
119 1
87 2
84 2
63 1
141 2
276 2
315 2
56 1
213 2
159 2
330 2
61 1
240 2
71 1
87 2
114 2
90 1
204 2
174 2
75 1
321 2
30 1
91 1
360 2
363 2
28 1
79 1
144 2
35 1
86 1
110 1
348 2
99 2
74 1
66 1
279 2
92 1
360 2
273 2
123 2
129 2
39 1
186 2
255 2
43 1
321 2
288 2
42 1
76 1
339 2
82 1
294 2
333 2
117 2
107 1
81 2
183 2
63 1
98 1
354 2
162 2
58 1
105 1
168 2
30 1
125 1
111 2
108 1
93 1
363 2
345 2
38 1
104 1
24 1
47 1
127 1
312 2
306 2
357 2
114 2
123 1
252 2
69 2
111 1
309 2
360 2
120 1
29 1
32 1
207 2
48 1
98 1
81 2
24 1
127 1
327 2
375 2
36 1
99 2
156 2
282 2
345 2
42 1
35 1
128 1
114 2
108 2
105 2
74 1
86 1
309 2
264 2
246 2
366 2
36 1
372 2
117 1
249 2
51 1
174 2
54 1
25 1
69 2
42 1
243 2
32 1
156 2
93 2
324 2
258 2
36 1
62 1
42 1
115 1
231 2
61 1
29 1
39 1
339 2
141 2
207 2
89 1
180 2
45 1
243 2
159 2
252 2
138 2
77 1
252 2
31 1
113 1
32 1
77 1
53 1
108 2
107 1
219 2
72 1
258 2
122 1
117 1
99 1
55 1
110 1
324 2
81 2
78 2
107 1
78 2
106 1
75 2
86 1
261 2
90 2
330 2
348 2
55 1
58 1
183 2
89 1
258 2
183 2
93 1
83 1
144 2
29 1
104 1
70 1
21 1
87 1
23 1
90 2
351 2
68 1
47 1
118 1
114 1
22 1
118 1
125 1
86 1
285 2
372 2
39 1
372 2
128 1
115 1
123 1
26 1
300 2
213 2
327 2
243 2
150 2
43 1
117 2
279 2
297 2
71 1
378 2
372 2
165 2
30 1
128 1
43 1
85 1
51 1
88 1
124 1
117 1
90 2
39 1
372 2
56 1
234 2
44 1
63 1
90 2
246 2
80 1
327 2
150 2
21 1
126 2
99 2
46 1
246 2
192 2
65 1
106 1
156 2
30 1
70 1
156 2
165 2
92 1
26 1
222 2
222 2
109 1
228 2
50 1
31 1
162 2
61 1
213 2
204 2
87 2
124 1
342 2
78 1
37 1
363 2
90 2
113 1
150 2
78 1
118 1
381 2
159 2
171 2
80 1
43 1
285 2
61 1
24 1
120 1
71 1
75 2
240 2
207 2
121 1
276 2
315 2
159 2
99 1
77 1
255 2
30 1
51 1
288 2
210 2
99 2
180 2
63 1
124 1
360 2
96 1
28 1
276 2
117 2
90 2
276 2
97 1
192 2
63 2
115 1
165 2
104 1
168 2
106 1
360 2
303 2
120 1
49 1
60 2
180 2
378 2
54 1
189 2
216 2
246 2
72 1
105 2
102 1
234 2
50 1
228 2
117 1
118 1
270 2
80 1
129 2
135 2
64 1
115 1
84 1
106 1
168 2
234 2
62 1
116 1
45 1
93 1
25 1
27 1
61 1
59 1
62 1
77 1
183 2
55 1
123 2
29 1
153 2
101 1
94 1
132 2
108 1
81 2
246 2
105 2
49 1
207 2
37 1
183 2
32 1
75 1
32 1
114 2
246 2
375 2
285 2
91 1
96 2
90 1
111 2
234 2
285 2
336 2
48 1
67 1
234 2
103 1
279 2
288 2
41 1
89 1
111 2
59 1
138 2
204 2
279 2
144 2
162 2
24 1
246 2
291 2
222 2
104 1
71 1
68 1
126 1
75 2
189 2
309 2
177 2
84 2
198 2
70 1
101 1
153 2
30 1
156 2
104 1
113 1
91 1
69 1
153 2
174 2
246 2
128 1
24 1
93 2
83 1
62 1
47 1
112 1
107 1
115 1
162 2
96 1
240 2
108 2
78 2
231 2
159 2
66 2
113 1
195 2
288 2
81 2
345 2
71 1
25 1
366 2
105 1
93 1
126 1
100 1
89 1
231 2
141 2
111 1
114 1
159 2
198 2
174 2
83 1
53 1
75 2
50 1
101 1
123 2
89 1
339 2
147 2
330 2
306 2
45 1
249 2
58 1
74 1
204 2
333 2
28 1
33 1
360 2
30 1
144 2
378 2
207 2
74 1
312 2
225 2
50 1
45 1
366 2
99 2
384 2
55 1
243 2
129 2
48 1
104 1
114 2
276 2
44 1
69 1
69 1
94 1
33 1
150 2
78 1
261 2
255 2
67 1
90 1
180 2
378 2
297 2
29 1
108 1
103 1
381 2
40 1
64 1
363 2
78 1
72 1
66 1
216 2
96 2
104 1
106 1
384 2
83 1
92 1
129 2
48 1
297 2
201 2
110 1
240 2
42 1
85 1
60 2
114 2
174 2
25 1
96 2
99 1
117 1
50 1
89 1
78 2
63 1
96 2
90 2
141 2
103 1
282 2
100 1
216 2
82 1
119 1
37 1
291 2
327 2
100 1
327 2
66 1
372 2
82 1
219 2
330 2
56 1
104 1
144 2
39 1
363 2
67 1
53 1
300 2
243 2
118 1
87 2
47 1
210 2
82 1
258 2
35 1
345 2
93 1
27 1
246 2
26 1
132 2
372 2
204 2
249 2
127 1
297 2
87 1
177 2
120 2
177 2
107 1
74 1
38 1
26 1
24 1
68 1
41 1
234 2
52 1
30 1
61 1
78 2
315 2
75 1
156 2
128 1
76 1
168 2
135 2
273 2
120 1
150 2
150 2
104 1
33 1
35 1
219 2
45 1
114 2
174 2
70 1
68 1
39 1
48 1
141 2
237 2
43 1
34 1
63 2
384 2
348 2
100 1
153 2
303 2
68 1
100 1
369 2
159 2
72 1
357 2
198 2
75 2
246 2
68 1
84 2
357 2
168 2
71 1
94 1
94 1
37 1
363 2
87 2
75 1
117 2
23 1
97 1
153 2
333 2
378 2
309 2
66 2
351 2
27 1
111 2
118 1
330 2
267 2
75 1
132 2
222 2
240 2
198 2
34 1
360 2
285 2
90 1
84 2
315 2
82 1
49 1
288 2
378 2
95 1
59 1
54 1
168 2
77 1
55 1
150 2
120 2
252 2
61 1
333 2
354 2
243 2
168 2
318 2
28 1
282 2
234 2
89 1
195 2
156 2
37 1
78 2
76 1
62 1
81 2
270 2
183 2
128 1
144 2
61 1
159 2
98 1
336 2
96 2
378 2
102 2
46 1
55 1
354 2
92 1
369 2
345 2
23 1
330 2
122 1
369 2
261 2
38 1
67 1
216 2
63 1
21 1
91 1
123 1
68 1
101 1
43 1
246 2
82 1
46 1
177 2
351 2
171 2
84 1
183 2
90 2
48 1
65 1
348 2
95 1
112 1
76 1
300 2
31 1
64 1
381 2
45 1
252 2
261 2
297 2
99 2
107 1
174 2
372 2
81 1
225 2
117 1
111 2
315 2
115 1
96 1
204 2
102 2
60 1
53 1
105 2
78 2
234 2
87 1
125 1
342 2
72 1
159 2
126 2
103 1
29 1
94 1
105 1
102 2
303 2
120 1
288 2
89 1
96 1
189 2
99 2
104 1
90 2
384 2
62 1
62 1
333 2
75 1
282 2
100 1
57 1
107 1
75 1
159 2
360 2
117 1
357 2
108 2
300 2
126 2
43 1
116 1
204 2
171 2
315 2
384 2
171 2
111 1
216 2
35 1
303 2
32 1
107 1
46 1
69 2
126 1
135 2
69 1
96 2
77 1
22 1
114 2
384 2
76 1
118 1
99 2
369 2
132 2
70 1
105 2
333 2
34 1
339 2
318 2
124 1
122 1
89 1
62 1
111 2
162 2
124 1
121 1
210 2
285 2
95 1
273 2
177 2
372 2
282 2
116 1
108 1
171 2
132 2
54 1
159 2
84 2
34 1
82 1
138 2
103 1
30 1
22 1
66 2
21 1
318 2
228 2
102 1
66 1
105 2
108 2
162 2
342 2
279 2
65 1
38 1
51 1
36 1
147 2
59 1
372 2
86 1
22 1
264 2
117 2
324 2
91 1
183 2
88 1
93 1
216 2
65 1
28 1
66 1
32 1
267 2
186 2
119 1
81 1
123 1
99 2
24 1
64 1
195 2
88 1
63 1
264 2
78 1
135 2
222 2
104 1
23 1
342 2
42 1
85 1
22 1
354 2
71 1
60 2
119 1
57 1
61 1
267 2
222 2
58 1
174 2
330 2
147 2
59 1
210 2
309 2
210 2
39 1
48 1
59 1
122 1
75 1
22 1
39 1
102 2
117 2
108 1
76 1
321 2
72 2
108 2
83 1
80 1
258 2
207 2
124 1
51 1
125 1
288 2
348 2
45 1
333 2
141 2
46 1
77 1
312 2
104 1
108 1
198 2
285 2
264 2
60 2
34 1
22 1
84 1
270 2
71 1
252 2
288 2
378 2
150 2
204 2
291 2
81 2
108 1
90 2
171 2
81 1
78 2
118 1
363 2
60 1
99 1
95 1
36 1
111 1
66 2
119 1
26 1
82 1
107 1
180 2
35 1
73 1
375 2
80 1
231 2
38 1
180 2
44 1
21 1
228 2
336 2
348 2
42 1
96 2
48 1
41 1
327 2
73 1
273 2
111 2
132 2
192 2
61 1
66 2
198 2
147 2
285 2
87 1
177 2
126 2
83 1
249 2
71 1
243 2
91 1
21 1
351 2
153 2
108 2
83 1
87 2
288 2
22 1
66 2
86 1
96 2
273 2
113 1
327 2
150 2
100 1
288 2
102 1
312 2
78 1
108 1
87 1
112 1
118 1
258 2
315 2
66 1
144 2
378 2
60 2
201 2
124 1
318 2
327 2
96 2
120 1
282 2
141 2
192 2
46 1
87 1
127 1
210 2
243 2
83 1
41 1
105 1
103 1
378 2
300 2
273 2
339 2
96 1
36 1
93 2
69 2
174 2
171 2
75 2
156 2
87 2
348 2
43 1
159 2
88 1
84 1
273 2
267 2
258 2
89 1
28 1
113 1
50 1
76 1
198 2
378 2
252 2
106 1
110 1
246 2
32 1
98 1
75 1
360 2
60 1
264 2
381 2
105 2
375 2
78 2
92 1
41 1
83 1
306 2
101 1
94 1
294 2
113 1
162 2
219 2
159 2
321 2
24 1
129 2
52 1
102 2
61 1
57 1
118 1
240 2
267 2
96 1
129 2
89 1
114 1
112 1
64 1
150 2
258 2
321 2
72 1
90 1
116 1
46 1
189 2
255 2
101 1
288 2
102 1
348 2
65 1
72 1
114 1
381 2
90 1
321 2
246 2
264 2
261 2
35 1
34 1
75 1
282 2
366 2
27 1
42 1
43 1
147 2
201 2
177 2
101 1
51 1
39 1
315 2
37 1
126 1
171 2
54 1
111 1
100 1
261 2
20 1
111 1
321 2
26 1
67 1
113 1
89 1
354 2
237 2
30 1
81 2
123 2
267 2
37 1
43 1
123 1
303 2
117 2
102 1
105 1
120 2
138 2
81 2
32 1
113 1
111 1
150 2
35 1
61 1
55 1
49 1
276 2
336 2
75 2
24 1
66 1
100 1
48 1
91 1
46 1
279 2
75 2
99 1
103 1
126 1
72 2
36 1
78 2
38 1
111 2
318 2
87 1
282 2
83 1
69 2
93 1
28 1
32 1
29 1
26 1
330 2
26 1
168 2
28 1
75 2
171 2
60 1
81 1
123 2
39 1
129 2
258 2
73 1
99 1
76 1
294 2
27 1
111 2
82 1
120 1
222 2
345 2
58 1
36 1
57 1
58 1
47 1
207 2
258 2
183 2
90 1
351 2
65 1
270 2
273 2
102 2
237 2
30 1
324 2
159 2
60 1
50 1
113 1
225 2
34 1
324 2
306 2
87 1
75 2
56 1
276 2
53 1
354 2
357 2
109 1
333 2
113 1
113 1
255 2
92 1
76 1
39 1
128 1
198 2
309 2
225 2
303 2
117 2
180 2
219 2
162 2
87 1
21 1
132 2
37 1
384 2
288 2
147 2
252 2
267 2
29 1
84 2
95 1
198 2
75 2
59 1
330 2
303 2
66 1
225 2
339 2
63 1
113 1
108 1
77 1
51 1
222 2
264 2
23 1
324 2
306 2
125 1
234 2
125 1
103 1
100 1
96 1
363 2
63 1
237 2
87 2
186 2
120 1
35 1
378 2
40 1
23 1
53 1
60 2
108 2
240 2
123 2
70 1
252 2
264 2
68 1
92 1
127 1
100 1
94 1
98 1
111 1
84 1
98 1
384 2
294 2
33 1
186 2
40 1
144 2
249 2
112 1
243 2
115 1
77 1
99 2
324 2
121 1
69 2
234 2
345 2
45 1
58 1
252 2
117 2
74 1
63 2
342 2
186 2
267 2
228 2
93 1
159 2
186 2
38 1
87 1
99 1
63 1
126 1
120 2
75 2
27 1
318 2
258 2
46 1
180 2
333 2
381 2
50 1
258 2
381 2
138 2
36 1
66 1
82 1
56 1
150 2
69 1
114 1
61 1
115 1
351 2
42 1
71 1
273 2
204 2
90 2
246 2
150 2
189 2
252 2
327 2
38 1
86 1
27 1
291 2
228 2
78 1
80 1
210 2
116 1
70 1
81 1
44 1
77 1
294 2
115 1
375 2
198 2
153 2
23 1
369 2
351 2
70 1
38 1
103 1
300 2
261 2
37 1
279 2
78 1
69 1
92 1
87 1
327 2
72 1
57 1
100 1
237 2
147 2
99 1
42 1
65 1
81 1
89 1
249 2
156 2
168 2
303 2
237 2
108 2
121 1
31 1
125 1
159 2
27 1
204 2
117 1
76 1
74 1
26 1
75 2
29 1
216 2
62 1
246 2
77 1
126 2
144 2
285 2
123 1
135 2
105 2
294 2
66 1
228 2
102 2
177 2
213 2
39 1
195 2
40 1
35 1
76 1
165 2
168 2
231 2
381 2
69 1
74 1
312 2
27 1
125 1
144 2
174 2
86 1
22 1
82 1
120 1
72 2
111 1
32 1
312 2
124 1
249 2
108 2
114 2
228 2
201 2
249 2
109 1
96 2
72 1
128 1
43 1
42 1
86 1
234 2
120 2
103 1
21 1
303 2
77 1
201 2
51 1
165 2
345 2
147 2
126 2
64 1
201 2
378 2
75 1
189 2
102 1
276 2
270 2
53 1
109 1
354 2
88 1
384 2
246 2
96 2
33 1
86 1
110 1
285 2
39 1
138 2
44 1
37 1
39 1
35 1
83 1
93 2
309 2
351 2
171 2
75 2
99 1
96 1
276 2
375 2
138 2
348 2
111 2
67 1
115 1
29 1
93 1
57 1
34 1
104 1
115 1
81 1
90 1
108 1
345 2
63 1
36 1
219 2
195 2
171 2
279 2
264 2
103 1
351 2
20 1
105 2
106 1
174 2
375 2
198 2
300 2
24 1
60 2
243 2
216 2
258 2
264 2
74 1
258 2
255 2
93 2
128 1
177 2
363 2
234 2
122 1
115 1
30 1
300 2
128 1
78 2
330 2
135 2
294 2
348 2
366 2
69 1
66 1
60 2
53 1
357 2
95 1
285 2
127 1
384 2
67 1
81 1
372 2
90 1
60 2
144 2
29 1
240 2
225 2
87 1
113 1
336 2
234 2
87 1
66 1
114 1
264 2
99 1
108 2
62 1
75 1
41 1
339 2
294 2
63 2
240 2
303 2
58 1
381 2
41 1
94 1
90 1
333 2
183 2
288 2
171 2
74 1
372 2
119 1
144 2
261 2
78 1
61 1
78 2
168 2
339 2
78 1
369 2
74 1
291 2
351 2
222 2
75 1
90 2
32 1
330 2
95 1
270 2
153 2
21 1
118 1
126 2
99 1
267 2
56 1
66 2
240 2
73 1
103 1
25 1
95 1
339 2
51 1
249 2
34 1
119 1
39 1
127 1
33 1
25 1
306 2
303 2
45 1
213 2
243 2
117 2
177 2
324 2
128 1
46 1
40 1
168 2
119 1
180 2
348 2
321 2
62 1
32 1
101 1
44 1
72 2
47 1
249 2
138 2
96 2
40 1
363 2
96 1
43 1
54 1
210 2
119 1
123 1
23 1
121 1
315 2
127 1
369 2
198 2
106 1
38 1
107 1
71 1
261 2
106 1
112 1
47 1
339 2
162 2
49 1
372 2
87 1
201 2
69 2
50 1
33 1
156 2
90 2
84 2
36 1
84 1
336 2
59 1
297 2
309 2
150 2
20 1
112 1
47 1
84 1
366 2
58 1
99 1
96 1
43 1
168 2
39 1
207 2
282 2
49 1
49 1
120 2
79 1
64 1
109 1
372 2
261 2
195 2
336 2
77 1
285 2
108 2
83 1
315 2
168 2
285 2
100 1
225 2
93 2
336 2
123 1
57 1
101 1
72 1
225 2
240 2
91 1
303 2
84 2
111 1
56 1
291 2
264 2
61 1
384 2
52 1
32 1
72 2
81 2
210 2
315 2
354 2
39 1
116 1
105 1
64 1
95 1
70 1
81 1
103 1
120 1
52 1
330 2
276 2
74 1
22 1
252 2
40 1
156 2
114 1
121 1
35 1
64 1
270 2
105 2
56 1
378 2
42 1
66 1
60 2
285 2
381 2
81 2
128 1
231 2
183 2
51 1
348 2
53 1
38 1
27 1
61 1
85 1
110 1
201 2
101 1
23 1
273 2
57 1
28 1
113 1
25 1
159 2
321 2
47 1
90 1
124 1
48 1
62 1
123 2
30 1
165 2
279 2
120 1
33 1
79 1
46 1
120 2
22 1
35 1
94 1
57 1
336 2
129 2
109 1
76 1
96 1
300 2
86 1
186 2
129 2
108 2
279 2
219 2
87 2
126 2
114 2
213 2
50 1
66 2
120 2
42 1
94 1
29 1
39 1
177 2
240 2
240 2
207 2
54 1
87 2
123 1
39 1
150 2
106 1
21 1
63 2
288 2
23 1
189 2
34 1
153 2
93 2
60 2
291 2
267 2
138 2
75 1
384 2
44 1
125 1
96 1
37 1
324 2
38 1
75 1
105 1
138 2
330 2
81 1
216 2
58 1
30 1
114 2
171 2
282 2
20 1
135 2
98 1
381 2
64 1
87 1
67 1
108 2
115 1
36 1
79 1
38 1
112 1
29 1
210 2
68 1
315 2
168 2
51 1
67 1
105 2
300 2
75 2
69 2
45 1
297 2
375 2
96 1
70 1
25 1
282 2
201 2
121 1
363 2
72 2
37 1
228 2
70 1
20 1
132 2
119 1
78 2
87 1
96 1
99 2
101 1
27 1
86 1
41 1
79 1
315 2
41 1
88 1
267 2
240 2
216 2
162 2
46 1
112 1
303 2
237 2
255 2
258 2
120 2
258 2
26 1
72 2
351 2
31 1
112 1
228 2
63 2
74 1
82 1
252 2
63 1
267 2
77 1
76 1
48 1
118 1
33 1
159 2
282 2
333 2
21 1
51 1
105 2
121 1
98 1
321 2
84 1
112 1
71 1
73 1
255 2
123 1
162 2
53 1
240 2
93 1
330 2
99 1
264 2
37 1
50 1
90 2
270 2
99 1
50 1
270 2
90 1
135 2
90 2
120 2
276 2
339 2
222 2
165 2
85 1
100 1
345 2
210 2
52 1
207 2
306 2
357 2
116 1
99 2
306 2
118 1
46 1
113 1
189 2
105 1
117 1
321 2
135 2
125 1
105 1
102 2
204 2
315 2
72 1
303 2
37 1
375 2
122 1
62 1
44 1
255 2
104 1
32 1
381 2
210 2
72 1
89 1
103 1
177 2
122 1
98 1
96 1
24 1
117 1
327 2
123 1
150 2
132 2
126 1
114 2
114 1
171 2
270 2
102 2
113 1
189 2
63 1
62 1
38 1
73 1
44 1
107 1
124 1
97 1
90 2
40 1
103 1
60 1
381 2
252 2
118 1
73 1
103 1
68 1
96 2
345 2
246 2
120 1
21 1
300 2
25 1
186 2
315 2
89 1
66 2
40 1
309 2
94 1
105 1
29 1
102 1
318 2
60 1
101 1
219 2
39 1
99 2
336 2
231 2
276 2
37 1
279 2
156 2
252 2
63 2
82 1
50 1
44 1
99 1
124 1
342 2
249 2
48 1
128 1
207 2
231 2
88 1
22 1
237 2
135 2
102 1
222 2
93 2
162 2
249 2
74 1
81 1
126 1
61 1
318 2
222 2
231 2
31 1
81 1
128 1
60 1
384 2
46 1
177 2
273 2
363 2
147 2
37 1
156 2
29 1
75 2
49 1
96 2
79 1
47 1
282 2
120 1
50 1
87 1
177 2
66 2
127 1
153 2
69 2
375 2
121 1
333 2
112 1
69 1
35 1
225 2
105 1
39 1
62 1
351 2
127 1
54 1
210 2
32 1
312 2
231 2
96 1
198 2
138 2
252 2
348 2
78 1
64 1
288 2
51 1
91 1
291 2
159 2
126 2
53 1
124 1
23 1
51 1
168 2
150 2
243 2
234 2
49 1
216 2
90 2
84 2
68 1
75 1
294 2
87 2
60 1
29 1
327 2
80 1
276 2
198 2
324 2
42 1
29 1
99 2
93 1
123 2
27 1
126 1
234 2
51 1
147 2
102 2
57 1
162 2
32 1
91 1
255 2
273 2
189 2
75 1
80 1
108 1
40 1
258 2
84 2
93 1
128 1
81 2
96 1
240 2
276 2
72 1
20 1
37 1
84 1
95 1
39 1
246 2
114 2
129 2
291 2
279 2
81 2
74 1
129 2
270 2
110 1
104 1
63 2
300 2
240 2
258 2
144 2
60 2
267 2
69 1
29 1
32 1
273 2
64 1
156 2
249 2
363 2
168 2
324 2
84 1
354 2
119 1
79 1
171 2
39 1
381 2
123 2
124 1
75 1
49 1
153 2
87 1
165 2
120 1
345 2
76 1
72 1
78 1
80 1
127 1
363 2
84 2
126 2
216 2
192 2
186 2
354 2
228 2
72 2
44 1
357 2
267 2
249 2
105 2
66 2
70 1
66 2
72 2
115 1
168 2
114 1
309 2
114 2
321 2
333 2
351 2
103 1
66 1
345 2
60 2
105 1
37 1
110 1
73 1
201 2
189 2
20 1
85 1
103 1
65 1
125 1
330 2
234 2
36 1
246 2
93 1
321 2
87 2
339 2
60 2
270 2
315 2
90 1
138 2
86 1
123 1
366 2
243 2
261 2
72 1
342 2
375 2
357 2
125 1
43 1
357 2
321 2
384 2
225 2
31 1
189 2
88 1
62 1
234 2
62 1
309 2
96 2
324 2
321 2
378 2
20 1
74 1
234 2
121 1
303 2
100 1
121 1
21 1
97 1
78 1
306 2
270 2
297 2
165 2
97 1
186 2
126 2
35 1
46 1
48 1
288 2
210 2
81 1
327 2
201 2
84 2
92 1
48 1
102 1
267 2
55 1
309 2
216 2
20 1
102 2
381 2
69 2
249 2
47 1
99 2
116 1
68 1
115 1
91 1
39 1
42 1
119 1
107 1
276 2
183 2
66 1
339 2
24 1
90 1
102 1
72 2
144 2
64 1
103 1
375 2
55 1
219 2
53 1
156 2
357 2
78 2
119 1
153 2
99 1
282 2
104 1
123 2
240 2
147 2
285 2
123 1
372 2
26 1
94 1
333 2
108 1
219 2
81 1
122 1
96 2
378 2
28 1
28 1
159 2
37 1
110 1
109 1
125 1
100 1
127 1
246 2
369 2
330 2
213 2
84 2
62 1
93 1
246 2
22 1
116 1
120 1
50 1
363 2
100 1
95 1
72 2
103 1
192 2
204 2
123 1
66 2
93 1
108 2
297 2
42 1
177 2
321 2
312 2
237 2
81 2
306 2
46 1
68 1
60 2
92 1
264 2
357 2
60 2
354 2
192 2
33 1
141 2
348 2
249 2
297 2
127 1
73 1
59 1
46 1
71 1
67 1
111 2
26 1
240 2
117 1
111 1
121 1
204 2
117 1
63 2
116 1
114 2
72 1
44 1
62 1
210 2
333 2
360 2
321 2
159 2
117 1
48 1
114 2
165 2
96 1
264 2
378 2
39 1
118 1
282 2
33 1
333 2
216 2
315 2
216 2
147 2
309 2
195 2
34 1
99 2
90 1
83 1
72 1
126 2
100 1
77 1
174 2
54 1
375 2
101 1
22 1
77 1
198 2
26 1
144 2
291 2
26 1
330 2
128 1
39 1
195 2
40 1
58 1
99 1
51 1
195 2
156 2
95 1
105 1
125 1
128 1
267 2
94 1
363 2
339 2
108 2
38 1
93 2
348 2
267 2
84 2
103 1
378 2
333 2
60 1
21 1
225 2
339 2
144 2
68 1
57 1
324 2
264 2
234 2
138 2
300 2
20 1
351 2
77 1
72 1
207 2
27 1
201 2
113 1
100 1
96 2
96 1
141 2
81 2
64 1
116 1
90 1
37 1
36 1
109 1
165 2
97 1
112 1
24 1
98 1
34 1
369 2
27 1
273 2
94 1
318 2
88 1
354 2
237 2
95 1
363 2
249 2
86 1
375 2
69 2
192 2
81 1
62 1
55 1
47 1
249 2
126 1
32 1
61 1
74 1
90 1
88 1
70 1
105 2
47 1
252 2
120 2
261 2
66 1
112 1
165 2
113 1
264 2
324 2
86 1
24 1
198 2
231 2
92 1
252 2
375 2
35 1
195 2
101 1
59 1
249 2
71 1
195 2
83 1
109 1
234 2
252 2
270 2
162 2
303 2
369 2
363 2
119 1
108 2
144 2
201 2
128 1
102 1
264 2
86 1
105 2
124 1
39 1
128 1
186 2
369 2
51 1
67 1
60 1
71 1
249 2
107 1
81 1
23 1
306 2
267 2
201 2
103 1
267 2
31 1
282 2
40 1
309 2
66 1
53 1
52 1
70 1
35 1
324 2
162 2
98 1
115 1
57 1
80 1
111 1
20 1
47 1
357 2
354 2
109 1
52 1
123 1
73 1
55 1
69 1
20 1
129 2
44 1
321 2
42 1
354 2
192 2
110 1
100 1
43 1
150 2
339 2
327 2
57 1
309 2
102 2
279 2
88 1
56 1
159 2
101 1
255 2
62 1
255 2
20 1
23 1
207 2
180 2
126 2
171 2
51 1
64 1
88 1
135 2
273 2
309 2
267 2
120 1
360 2
29 1
48 1
99 1
288 2
115 1
59 1
177 2
78 1
144 2
69 1
76 1
123 2
117 1
116 1
135 2
109 1
168 2
354 2
162 2
117 1
112 1
114 1
20 1
147 2
240 2
113 1
279 2
41 1
204 2
103 1
56 1
68 1
375 2
282 2
24 1
243 2
174 2
63 2
222 2
255 2
51 1
80 1
104 1
138 2
86 1
240 2
84 2
42 1
54 1
32 1
78 2
129 2
120 1
294 2
43 1
381 2
177 2
159 2
60 1
42 1
85 1
261 2
327 2
52 1
72 2
117 1
195 2
50 1
309 2
47 1
249 2
43 1
111 2
96 2
354 2
69 1
43 1
113 1
276 2
20 1
363 2
225 2
43 1
101 1
153 2
210 2
162 2
91 1
115 1
177 2
78 1
357 2
64 1
84 1
111 2
46 1
156 2
43 1
72 1
255 2
288 2
84 2
111 2
210 2
258 2
135 2
72 2
297 2
53 1
114 2
57 1
108 1
342 2
225 2
68 1
384 2
171 2
156 2
105 2
93 2
126 1
126 1
192 2
339 2
132 2
22 1
105 2
282 2
273 2
60 1
32 1
60 1
28 1
60 1
121 1
234 2
363 2
42 1
312 2
81 2
339 2
348 2
210 2
72 2
31 1
66 1
369 2
34 1
53 1
303 2
333 2
62 1
144 2
159 2
258 2
186 2
357 2
117 1
333 2
78 1
87 2
369 2
129 2
282 2
114 2
78 2
110 1
26 1
369 2
321 2
150 2
91 1
61 1
369 2
99 1
348 2
90 2
123 2
69 1
72 1
91 1
141 2
73 1
168 2
186 2
36 1
141 2
126 1
342 2
246 2
153 2
42 1
204 2
252 2
120 1
279 2
258 2
237 2
66 2
153 2
58 1
285 2
112 1
171 2
339 2
38 1
285 2
41 1
57 1
231 2
207 2
88 1
339 2
78 2
288 2
69 2
99 1
309 2
186 2
300 2
40 1
240 2
43 1
117 1
186 2
168 2
276 2
330 2
159 2
147 2
104 1
37 1
111 2
231 2
29 1
93 1
39 1
128 1
126 1
71 1
45 1
243 2
47 1
68 1
81 1
108 2
34 1
74 1
255 2
69 2
124 1
204 2
50 1
102 1
118 1
180 2
204 2
75 1
114 2
79 1
201 2
366 2
63 1
102 2
273 2
67 1
297 2
381 2
291 2
207 2
315 2
72 2
69 2
44 1
103 1
225 2
25 1
360 2
58 1
26 1
270 2
117 1
83 1
291 2
345 2
294 2
52 1
58 1
117 1
71 1
26 1
315 2
252 2
28 1
351 2
70 1
153 2
124 1
64 1
135 2
288 2
78 1
38 1
111 1
88 1
65 1
159 2
74 1
119 1
300 2
63 2
168 2
90 2
210 2
82 1
63 2
38 1
21 1
153 2
324 2
52 1
279 2
84 2
21 1
93 2
128 1
117 2
28 1
315 2
113 1
243 2
81 1
366 2
65 1
312 2
103 1
192 2
106 1
69 1
384 2
121 1
98 1
354 2
222 2
171 2
375 2
71 1
32 1
261 2
23 1
129 2
71 1
303 2
333 2
81 2
55 1
114 1
55 1
44 1
129 2
20 1
107 1
115 1
21 1
65 1
91 1
46 1
321 2
249 2
86 1
195 2
90 1
84 1
132 2
126 1
60 2
360 2
124 1
135 2
49 1
288 2
93 1
276 2
348 2
117 2
117 1
83 1
216 2
366 2
120 1
216 2
22 1
105 1
378 2
38 1
153 2
72 2
132 2
127 1
234 2
264 2
70 1
87 1
97 1
102 1
357 2
150 2
95 1
97 1
59 1
270 2
37 1
168 2
213 2
366 2
48 1
357 2
123 2
81 2
36 1
39 1
126 1
330 2
66 1
87 2
144 2
63 1
117 1
66 2
47 1
111 1
222 2
273 2
252 2
26 1
43 1
315 2
120 1
351 2
40 1
50 1
162 2
106 1
312 2
252 2
270 2
339 2
384 2
29 1
207 2
132 2
123 1
258 2
31 1
116 1
168 2
119 1
258 2
135 2
336 2
125 1
81 2
180 2
123 1
90 1
76 1
24 1
28 1
49 1
264 2
88 1
141 2
93 1
72 2
115 1
189 2
46 1
231 2
89 1
75 1
159 2
282 2
327 2
90 2
372 2
165 2
300 2
32 1
249 2
84 1
61 1
324 2
109 1
62 1
105 1
330 2
261 2
258 2
300 2
279 2
39 1
36 1
60 2
309 2
26 1
100 1
78 1
276 2
180 2
58 1
54 1
309 2
33 1
357 2
28 1
46 1
294 2
75 1
270 2
121 1
114 1
115 1
168 2
144 2
144 2
240 2
48 1
198 2
121 1
264 2
92 1
99 2
219 2
285 2
297 2
210 2
219 2
103 1
24 1
330 2
345 2
62 1
50 1
318 2
213 2
303 2
82 1
78 2
90 2
29 1
153 2
46 1
120 1
285 2
294 2
135 2
23 1
95 1
267 2
100 1
120 1
115 1
171 2
28 1
104 1
105 1
132 2
345 2
258 2
174 2
95 1
34 1
23 1
342 2
50 1
93 2
39 1
381 2
339 2
105 1
110 1
74 1
54 1
40 1
309 2
77 1
249 2
381 2
231 2
324 2
312 2
114 2
75 1
123 2
89 1
345 2
80 1
84 2
114 1
279 2
49 1
90 1
24 1
30 1
126 2
67 1
35 1
23 1
106 1
273 2
240 2
243 2
97 1
381 2
240 2
57 1
240 2
291 2
81 1
93 1
105 2
85 1
195 2
121 1
144 2
98 1
53 1
21 1
222 2
372 2
369 2
90 1
82 1
276 2
93 2
75 2
64 1
35 1
81 2
23 1
93 2
318 2
36 1
43 1
345 2
228 2
53 1
126 2
258 2
103 1
147 2
312 2
105 1
108 2
41 1
162 2
33 1
135 2
120 1
67 1
318 2
204 2
28 1
180 2
321 2
75 2
78 2
225 2
120 2
249 2
366 2
122 1
156 2
297 2
249 2
174 2
195 2
44 1
102 2
55 1
127 1
61 1
249 2
25 1
267 2
76 1
76 1
177 2
118 1
186 2
79 1
123 2
58 1
327 2
60 1
112 1
366 2
336 2
22 1
86 1
128 1
111 2
96 2
168 2
43 1
104 1
219 2
52 1
111 1
82 1
318 2
261 2
126 2
77 1
105 2
162 2
67 1
118 1
63 2
124 1
84 1
62 1
56 1
26 1
36 1
96 2
86 1
351 2
104 1
129 2
183 2
150 2
261 2
312 2
237 2
82 1
94 1
66 1
95 1
54 1
87 1
189 2
26 1
102 1
309 2
44 1
279 2
60 1
36 1
78 1
60 1
64 1
102 1
75 1
309 2
21 1
109 1
34 1
270 2
63 1
93 1
48 1
318 2
49 1
285 2
324 2
75 2
42 1
121 1
309 2
318 2
63 2
297 2
74 1
150 2
132 2
128 1
126 1
306 2
90 2
47 1
21 1
30 1
204 2
63 1
44 1
93 1
78 2
60 1
35 1
78 2
76 1
45 1
96 2
162 2
192 2
303 2
84 2
204 2
273 2
111 1
34 1
153 2
288 2
69 2
201 2
29 1
105 2
33 1
89 1
192 2
216 2
98 1
99 1
47 1
85 1
69 2
369 2
303 2
75 2
216 2
306 2
68 1
147 2
100 1
64 1
141 2
327 2
318 2
339 2
82 1
83 1
117 2
106 1
39 1
45 1
192 2
41 1
162 2
255 2
21 1
80 1
60 2
375 2
69 2
84 2
94 1
330 2
240 2
216 2
101 1
108 2
111 2
83 1
93 2
20 1
168 2
117 1
234 2
96 2
57 1
288 2
288 2
51 1
234 2
123 1
228 2
111 1
147 2
348 2
222 2
273 2
76 1
63 1
105 2
36 1
34 1
26 1
129 2
351 2
71 1
84 2
195 2
300 2
75 2
177 2
42 1
121 1
336 2
116 1
231 2
102 2
121 1
189 2
204 2
180 2
92 1
120 1
237 2
243 2
121 1
80 1
327 2
294 2
300 2
55 1
73 1
114 2
231 2
309 2
270 2
63 2
125 1
113 1
153 2
237 2
126 2
369 2
91 1
128 1
84 1
381 2
86 1
243 2
99 2
60 2
345 2
195 2
100 1
111 2
118 1
69 2
96 1
39 1
306 2
54 1
201 2
88 1
213 2
198 2
171 2
210 2
66 1
246 2
372 2
366 2
123 2
123 2
20 1
66 1
123 1
378 2
255 2
162 2
273 2
336 2
73 1
261 2
162 2
37 1
26 1
273 2
231 2
22 1
75 1
171 2
80 1
75 2
237 2
288 2
119 1
285 2
57 1
40 1
29 1
381 2
354 2
333 2
168 2
354 2
111 1
282 2
276 2
101 1
96 2
26 1
111 2
249 2
124 1
123 2
54 1
243 2
75 2
336 2
93 2
357 2
93 2
252 2
98 1
41 1
76 1
125 1
94 1
128 1
120 2
77 1
360 2
88 1
270 2
201 2
118 1
51 1
75 2
276 2
261 2
108 1
79 1
204 2
237 2
129 2
66 1
110 1
24 1
114 2
273 2
366 2
59 1
117 1
126 1
76 1
102 2
318 2
96 2
46 1
216 2
207 2
324 2
105 1
87 1
48 1
81 1
336 2
99 2
29 1
127 1
123 1
94 1
81 2
120 2
56 1
101 1
26 1
165 2
171 2
324 2
52 1
225 2
123 1
351 2
306 2
61 1
135 2
115 1
96 1
336 2
324 2
330 2
76 1
36 1
138 2
49 1
112 1
75 2
87 2
41 1
125 1
369 2
327 2
52 1
87 2
282 2
115 1
59 1
109 1
297 2
36 1
327 2
147 2
20 1
288 2
228 2
363 2
285 2
84 1
162 2
345 2
65 1
381 2
210 2
117 1
138 2
112 1
80 1
109 1
86 1
58 1
21 1
228 2
101 1
70 1
24 1
123 1
113 1
112 1
83 1
43 1
128 1
106 1
79 1
108 1
123 1
48 1
98 1
150 2
72 1
285 2
66 2
55 1
43 1
342 2
135 2
351 2
74 1
64 1
20 1
107 1
76 1
44 1
231 2
303 2
54 1
56 1
198 2
71 1
69 2
378 2
101 1
64 1
86 1
258 2
366 2
342 2
294 2
81 2
276 2
114 1
99 1
348 2
33 1
384 2
264 2
60 2
111 1
81 1
363 2
60 2
72 2
225 2
73 1
103 1
74 1
273 2
306 2
79 1
91 1
108 1
27 1
165 2
124 1
68 1
363 2
321 2
366 2
225 2
327 2
51 1
381 2
48 1
107 1
291 2
111 1
99 2
65 1
105 2
321 2
201 2
270 2
150 2
90 2
120 1
64 1
351 2
216 2
228 2
123 2
103 1
138 2
78 2
27 1
108 1
99 2
58 1
315 2
348 2
222 2
309 2
360 2
104 1
88 1
58 1
264 2
288 2
116 1
198 2
60 2
30 1
100 1
345 2
303 2
63 2
336 2
93 1
174 2
60 1
61 1
159 2
255 2
22 1
76 1
378 2
92 1
86 1
55 1
88 1
75 2
114 1
53 1
92 1
60 1
315 2
240 2
357 2
375 2
213 2
225 2
125 1
159 2
43 1
162 2
30 1
71 1
86 1
55 1
63 1
87 1
177 2
31 1
89 1
93 2
71 1
186 2
109 1
107 1
21 1
177 2
132 2
110 1
180 2
336 2
126 2
375 2
207 2
87 2
186 2
273 2
348 2
125 1
267 2
103 1
357 2
60 2
36 1
315 2
93 1
336 2
108 2
288 2
366 2
55 1
375 2
86 1
381 2
87 1
153 2
153 2
210 2
106 1
372 2
231 2
76 1
384 2
375 2
77 1
32 1
112 1
381 2
90 1
45 1
127 1
44 1
192 2
122 1
270 2
115 1
90 2
315 2
113 1
150 2
243 2
60 1
91 1
300 2
117 1
43 1
29 1
282 2
74 1
237 2
207 2
255 2
156 2
126 1
363 2
351 2
20 1
63 1
78 1
240 2
342 2
120 2
33 1
69 1
122 1
264 2
144 2
372 2
34 1
20 1
87 2
81 2
213 2
93 1
252 2
46 1
80 1
177 2
83 1
117 1
128 1
78 1
135 2
303 2
384 2
21 1
57 1
104 1
79 1
168 2
106 1
384 2
92 1
258 2
171 2
52 1
297 2
56 1
300 2
97 1
84 1
37 1
122 1
52 1
48 1
183 2
99 1
45 1
195 2
90 2
61 1
40 1
144 2
333 2
108 2
345 2
115 1
108 2
114 2
162 2
333 2
240 2
80 1
228 2
37 1
41 1
124 1
75 1
112 1
312 2
53 1
246 2
270 2
28 1
60 2
372 2
112 1
35 1
40 1
102 2
94 1
79 1
153 2
70 1
60 1
58 1
105 1
291 2
231 2
39 1
285 2
210 2
42 1
306 2
87 1
294 2
57 1
240 2
252 2
117 2
99 1
91 1
110 1
111 2
261 2
264 2
126 2
246 2
70 1
162 2
89 1
35 1
65 1
76 1
267 2
115 1
78 2
96 2
141 2
32 1
60 1
363 2
116 1
348 2
273 2
49 1
189 2
225 2
300 2
52 1
74 1
78 1
273 2
89 1
336 2
95 1
60 1
81 1
119 1
111 1
92 1
252 2
94 1
34 1
122 1
95 1
66 1
360 2
165 2
285 2
126 2
249 2
49 1
31 1
85 1
58 1
24 1
70 1
378 2
64 1
129 2
165 2
228 2
74 1
156 2
210 2
71 1
213 2
120 1
246 2
81 2
219 2
363 2
104 1
63 1
354 2
60 2
240 2
127 1
363 2
70 1
92 1
318 2
34 1
219 2
48 1
249 2
219 2
276 2
174 2
141 2
336 2
128 1
147 2
345 2
70 1
189 2
110 1
95 1
28 1
122 1
104 1
83 1
261 2
99 1
93 2
276 2
42 1
65 1
216 2
225 2
24 1
366 2
285 2
66 2
75 2
231 2
70 1
141 2
41 1
177 2
101 1
82 1
360 2
36 1
291 2
252 2
105 2
49 1
71 1
26 1
34 1
126 1
132 2
267 2
45 1
70 1
354 2
63 2
63 2
72 2
75 2
64 1
99 1
62 1
378 2
261 2
108 1
246 2
207 2
306 2
22 1
76 1
59 1
104 1
69 1
37 1
38 1
78 2
234 2
59 1
82 1
315 2
243 2
147 2
72 1
28 1
369 2
28 1
333 2
115 1
150 2
84 1
333 2
279 2
45 1
44 1
42 1
117 2
111 1
156 2
246 2
31 1
98 1
82 1
102 1
321 2
363 2
84 1
104 1
51 1
117 1
112 1
81 2
90 1
282 2
114 2
99 2
63 1
50 1
348 2
354 2
113 1
69 1
108 2
34 1
90 1
40 1
121 1
120 2
75 1
118 1
354 2
20 1
120 1
156 2
31 1
261 2
86 1
141 2
216 2
101 1
243 2
285 2
267 2
108 1
126 1
327 2
216 2
89 1
99 1
29 1
276 2
117 1
303 2
207 2
108 1
63 2
315 2
88 1
147 2
366 2
86 1
31 1
183 2
84 2
107 1
312 2
291 2
128 1
49 1
273 2
276 2
300 2
219 2
39 1
83 1
168 2
105 2
41 1
231 2
119 1
58 1
93 2
37 1
168 2
108 1
234 2
192 2
33 1
114 1
96 1
162 2
63 2
99 1
204 2
51 1
381 2
225 2
147 2
324 2
60 1
234 2
384 2
273 2
41 1
231 2
252 2
94 1
243 2
93 1
369 2
123 1
159 2
86 1
357 2
124 1
60 2
342 2
297 2
126 1
24 1
125 1
378 2
90 1
384 2
102 1
61 1
124 1
198 2
285 2
87 2
183 2
171 2
333 2
252 2
69 1
117 2
342 2
366 2
127 1
106 1
96 1
23 1
22 1
109 1
81 2
43 1
104 1
30 1
30 1
339 2
86 1
31 1
104 1
124 1
21 1
51 1
72 2
112 1
132 2
282 2
106 1
360 2
88 1
366 2
183 2
123 2
291 2
84 1
34 1
225 2
86 1
71 1
34 1
48 1
35 1
222 2
363 2
93 2
102 2
339 2
306 2
97 1
192 2
300 2
20 1
120 2
342 2
345 2
116 1
192 2
92 1
252 2
57 1
93 2
103 1
69 1
47 1
25 1
120 2
108 1
36 1
77 1
87 2
34 1
89 1
240 2
75 2
375 2
60 2
56 1
68 1
363 2
58 1
116 1
43 1
243 2
291 2
51 1
54 1
115 1
357 2
35 1
108 1
47 1
216 2
68 1
71 1
354 2
114 2
321 2
288 2
294 2
94 1
288 2
24 1
192 2
112 1
31 1
122 1
246 2
60 1
135 2
71 1
78 1
213 2
63 2
375 2
64 1
115 1
180 2
50 1
78 2
84 1
46 1
210 2
333 2
327 2
354 2
73 1
93 2
228 2
82 1
102 2
159 2
354 2
78 2
231 2
198 2
30 1
87 2
112 1
91 1
85 1
88 1
102 2
31 1
345 2
40 1
177 2
51 1
70 1
58 1
321 2
330 2
125 1
381 2
77 1
378 2
261 2
372 2
153 2
348 2
345 2
101 1
86 1
129 2
52 1
111 2
282 2
162 2
315 2
21 1
168 2
98 1
51 1
68 1
84 1
30 1
165 2
354 2
127 1
321 2
294 2
95 1
125 1
20 1
210 2
252 2
109 1
291 2
84 1
32 1
84 1
78 2
264 2
39 1
58 1
108 1
240 2
111 2
82 1
49 1
72 2
50 1
378 2
68 1
258 2
384 2
219 2
165 2
67 1
219 2
138 2
73 1
115 1
51 1
31 1
129 2
81 1
372 2
87 2
99 2
43 1
125 1
300 2
41 1
83 1
126 1
156 2
88 1
78 2
348 2
38 1
135 2
59 1
37 1
258 2
37 1
45 1
21 1
120 2
123 2
84 1
24 1
306 2
321 2
57 1
117 2
378 2
201 2
118 1
127 1
26 1
252 2
61 1
237 2
104 1
38 1
84 2
381 2
132 2
100 1
60 1
84 2
273 2
45 1
123 2
21 1
369 2
378 2
108 1
222 2
303 2
129 2
29 1
102 1
35 1
51 1
324 2
228 2
41 1
84 2
303 2
66 2
87 1
23 1
124 1
93 1
69 1
27 1
26 1
45 1
375 2
40 1
50 1
38 1
315 2
102 2
63 1
121 1
138 2
156 2
180 2
276 2
39 1
67 1
109 1
98 1
312 2
150 2
144 2
120 1
113 1
174 2
43 1
80 1
47 1
47 1
54 1
54 1
84 1
159 2
69 2
69 1
108 2
122 1
111 1
104 1
327 2
324 2
100 1
62 1
84 2
135 2
26 1
41 1
252 2
81 1
102 2
300 2
76 1
52 1
86 1
83 1
24 1
345 2
309 2
82 1
59 1
255 2
138 2
72 2
339 2
57 1
54 1
20 1
127 1
114 2
282 2
258 2
81 1
33 1
46 1
198 2
366 2
315 2
198 2
108 2
42 1
87 2
51 1
120 2
297 2
111 2
115 1
147 2
249 2
258 2
44 1
270 2
29 1
375 2
375 2
96 2
80 1
375 2
128 1
101 1
37 1
66 1
44 1
112 1
73 1
90 1
348 2
294 2
276 2
62 1
315 2
37 1
111 1
94 1
61 1
270 2
162 2
324 2
52 1
77 1
150 2
128 1
27 1
75 1
81 1
119 1
60 2
114 1
57 1
103 1
107 1
105 2
51 1
98 1
27 1
213 2
113 1
28 1
180 2
372 2
29 1
90 1
297 2
141 2
147 2
189 2
240 2
44 1
49 1
46 1
342 2
300 2
93 2
33 1
95 1
28 1
35 1
85 1
106 1
195 2
24 1
150 2
267 2
51 1
306 2
36 1
135 2
50 1
48 1
234 2
69 2
243 2
82 1
73 1
183 2
32 1
100 1
249 2
69 1
69 2
348 2
126 2
132 2
123 1
342 2
33 1
36 1
103 1
37 1
58 1
128 1
121 1
50 1
44 1
288 2
88 1
231 2
87 1
330 2
79 1
93 2
95 1
225 2
35 1
285 2
381 2
195 2
321 2
27 1
90 1
213 2
384 2
96 1
135 2
177 2
372 2
351 2
72 2
357 2
318 2
27 1
100 1
222 2
345 2
24 1
54 1
116 1
106 1
216 2
51 1
78 2
36 1
51 1
123 1
123 2
117 2
306 2
162 2
46 1
126 2
64 1
60 2
204 2
59 1
255 2
60 2
210 2
129 2
372 2
336 2
264 2
57 1
201 2
122 1
112 1
216 2
123 1
78 1
315 2
156 2
38 1
147 2
276 2
106 1
88 1
123 1
228 2
28 1
111 2
117 2
119 1
330 2
100 1
129 2
42 1
90 2
219 2
51 1
207 2
58 1
47 1
98 1
228 2
285 2
120 2
121 1
115 1
82 1
126 1
53 1
78 1
83 1
21 1
261 2
195 2
213 2
48 1
118 1
57 1
97 1
41 1
76 1
38 1
111 2
342 2
300 2
103 1
81 1
231 2
62 1
114 1
381 2
204 2
153 2
104 1
369 2
210 2
210 2
87 2
91 1
96 1
36 1
77 1
345 2
174 2
77 1
111 2
252 2
108 1
207 2
255 2
345 2
219 2
279 2
22 1
47 1
22 1
104 1
64 1
60 2
81 2
26 1
120 2
59 1
300 2
89 1
102 2
99 2
234 2
174 2
59 1
117 1
69 2
46 1
32 1
20 1
103 1
65 1
90 2
88 1
138 2
83 1
339 2
378 2
153 2
237 2
156 2
24 1
252 2
375 2
112 1
129 2
123 2
127 1
339 2
345 2
186 2
252 2
180 2
104 1
47 1
192 2
252 2
126 1
363 2
54 1
258 2
303 2
165 2
339 2
288 2
375 2
153 2
132 2
51 1
40 1
63 1
60 2
123 1
127 1
378 2
315 2
84 1
44 1
210 2
111 1
30 1
54 1
126 2
174 2
30 1
123 2
105 1
32 1
79 1
132 2
80 1
44 1
56 1
124 1
103 1
124 1
89 1
31 1
108 1
60 2
101 1
243 2
93 2
114 2
75 2
79 1
48 1
165 2
264 2
60 1
97 1
189 2
228 2
171 2
110 1
357 2
198 2
117 1
34 1
141 2
339 2
100 1
120 2
204 2
36 1
159 2
165 2
105 2
82 1
363 2
126 2
258 2
279 2
126 2
375 2
83 1
88 1
93 2
111 1
31 1
89 1
375 2
378 2
25 1
66 1
78 1
123 1
150 2
276 2
222 2
168 2
192 2
31 1
93 1
288 2
225 2
153 2
144 2
34 1
252 2
381 2
69 2
109 1
117 1
372 2
222 2
35 1
330 2
69 1
228 2
78 1
89 1
354 2
216 2
100 1
222 2
279 2
252 2
63 2
336 2
183 2
85 1
258 2
116 1
92 1
56 1
113 1
96 1
104 1
288 2
27 1
97 1
72 1
81 2
354 2
291 2
309 2
99 1
105 1
109 1
339 2
96 2
315 2
111 1
127 1
132 2
201 2
32 1
84 2
59 1
279 2
48 1
73 1
357 2
219 2
261 2
231 2
381 2
258 2
84 2
60 1
92 1
321 2
35 1
369 2
61 1
312 2
39 1
186 2
23 1
54 1
213 2
273 2
103 1
95 1
60 2
246 2
57 1
122 1
78 2
180 2
87 1
189 2
264 2
41 1
95 1
67 1
21 1
201 2
54 1
60 1
237 2
60 2
138 2
121 1
118 1
147 2
24 1
384 2
56 1
63 1
58 1
108 1
357 2
267 2
372 2
107 1
29 1
228 2
264 2
351 2
62 1
273 2
243 2
228 2
213 2
104 1
318 2
333 2
44 1
108 1
43 1
219 2
45 1
294 2
73 1
38 1
49 1
25 1
23 1
116 1
279 2
189 2
61 1
68 1
120 2
78 1
107 1
60 1
123 2
117 1
47 1
92 1
78 1
51 1
345 2
111 1
90 1
117 2
114 1
372 2
112 1
23 1
126 2
83 1
92 1
219 2
318 2
306 2
372 2
141 2
81 2
126 1
207 2
240 2
207 2
345 2
210 2
108 1
81 1
39 1
180 2
348 2
225 2
216 2
132 2
177 2
69 2
87 1
186 2
23 1
81 1
120 1
84 2
45 1
91 1
357 2
72 2
45 1
74 1
73 1
123 2
159 2
141 2
189 2
93 1
94 1
186 2
76 1
62 1
114 2
96 2
282 2
255 2
171 2
93 2
114 1
28 1
237 2
369 2
219 2
104 1
77 1
249 2
61 1
97 1
141 2
198 2
366 2
51 1
42 1
35 1
85 1
249 2
96 1
240 2
192 2
132 2
366 2
75 1
327 2
369 2
288 2
82 1
123 2
55 1
60 2
75 2
58 1
90 1
162 2
228 2
330 2
132 2
138 2
285 2
276 2
111 1
204 2
73 1
111 1
81 2
255 2
366 2
210 2
183 2
246 2
81 1
216 2
122 1
25 1
89 1
60 1
86 1
54 1
201 2
204 2
58 1
168 2
150 2
159 2
110 1
60 1
118 1
192 2
125 1
219 2
41 1
204 2
288 2
372 2
273 2
201 2
306 2
90 2
116 1
48 1
109 1
312 2
24 1
177 2
132 2
91 1
49 1
369 2
36 1
50 1
27 1
42 1
58 1
119 1
258 2
37 1
147 2
117 1
115 1
80 1
150 2
88 1
56 1
112 1
59 1
27 1
53 1
288 2
306 2
70 1
62 1
246 2
64 1
186 2
48 1
168 2
111 1
375 2
72 2
86 1
54 1
126 2
243 2
282 2
64 1
35 1
119 1
40 1
64 1
207 2
56 1
27 1
83 1
63 2
30 1
125 1
222 2
114 1
122 1
231 2
204 2
116 1
88 1
23 1
69 2
138 2
84 1
38 1
225 2
90 2
48 1
117 2
117 2
77 1
126 1
297 2
288 2
121 1
336 2
87 2
258 2
103 1
33 1
369 2
225 2
285 2
90 1
180 2
315 2
70 1
108 1
32 1
291 2
69 2
150 2
128 1
216 2
96 2
186 2
73 1
267 2
141 2
261 2
135 2
243 2
216 2
81 2
165 2
89 1
357 2
111 2
345 2
69 1
93 2
309 2
132 2
101 1
112 1
330 2
65 1
384 2
99 2
60 1
94 1
120 1
168 2
369 2
92 1
45 1
252 2
312 2
384 2
22 1
300 2
273 2
369 2
111 2
53 1
20 1
84 1
78 2
70 1
264 2
66 2
28 1
129 2
94 1
97 1
34 1
327 2
87 2
306 2
100 1
56 1
64 1
225 2
285 2
101 1
291 2
96 1
119 1
342 2
128 1
52 1
91 1
116 1
216 2
279 2
84 1
138 2
59 1
115 1
228 2
288 2
97 1
372 2
378 2
276 2
216 2
171 2
83 1
222 2
112 1
174 2
32 1
51 1
69 1
378 2
201 2
109 1
120 2
50 1
115 1
312 2
116 1
77 1
255 2
192 2
103 1
49 1
36 1
102 2
102 1
117 2
28 1
89 1
114 2
288 2
70 1
42 1
339 2
72 2
22 1
54 1
261 2
279 2
243 2
108 1
98 1
150 2
77 1
276 2
273 2
70 1
102 2
62 1
120 2
72 2
153 2
78 2
80 1
62 1
53 1
67 1
78 1
156 2
180 2
26 1
150 2
378 2
201 2
111 1
270 2
126 2
126 2
354 2
144 2
114 1
47 1
147 2
78 1
129 2
50 1
156 2
33 1
177 2
87 1
234 2
351 2
120 2
59 1
23 1
127 1
138 2
114 1
48 1
55 1
69 1
70 1
291 2
81 2
107 1
378 2
112 1
201 2
360 2
74 1
318 2
39 1
186 2
119 1
63 1
120 1
168 2
96 1
103 1
49 1
117 1
118 1
52 1
61 1
144 2
44 1
237 2
51 1
93 1
252 2
98 1
288 2
29 1
39 1
55 1
89 1
258 2
82 1
282 2
84 1
282 2
84 1
351 2
98 1
71 1
273 2
77 1
66 2
52 1
111 1
36 1
156 2
119 1
183 2
115 1
121 1
42 1
94 1
105 1
57 1
144 2
21 1
70 1
375 2
243 2
231 2
120 1
114 1
225 2
261 2
76 1
240 2
93 2
128 1
72 2
246 2
141 2
372 2
363 2
122 1
303 2
21 1
177 2
210 2
270 2
381 2
112 1
261 2
64 1
112 1
294 2
195 2
228 2
117 2
357 2
73 1
49 1
126 1
222 2
112 1
180 2
73 1
128 1
51 1
120 2
71 1
51 1
177 2
124 1
285 2
81 1
294 2
49 1
55 1
111 1
270 2
246 2
78 1
252 2
153 2
96 2
330 2
147 2
119 1
225 2
315 2
78 1
75 2
192 2
309 2
119 1
60 1
41 1
198 2
35 1
126 2
222 2
342 2
348 2
52 1
162 2
81 1
113 1
360 2
246 2
330 2
369 2
297 2
354 2
369 2
60 2
156 2
231 2
24 1
95 1
29 1
111 1
129 2
109 1
66 2
118 1
100 1
23 1
198 2
76 1
114 2
360 2
77 1
106 1
96 2
76 1
363 2
78 1
66 2
53 1
44 1
113 1
117 1
29 1
38 1
108 1
82 1
109 1
77 1
363 2
67 1
59 1
28 1
279 2
228 2
159 2
366 2
71 1
285 2
147 2
112 1
63 1
237 2
56 1
65 1
107 1
55 1
342 2
116 1
110 1
119 1
120 1
23 1
378 2
369 2
312 2
237 2
69 1
273 2
84 2
127 1
30 1
183 2
70 1
243 2
116 1
69 2
360 2
108 2
91 1
288 2
54 1
261 2
103 1
65 1
171 2
43 1
33 1
75 1
70 1
369 2
49 1
123 2
127 1
64 1
62 1
348 2
101 1
118 1
22 1
87 2
121 1
63 2
93 2
83 1
128 1
49 1
138 2
306 2
107 1
45 1
168 2
94 1
114 1
65 1
56 1
102 1
63 2
321 2
33 1
