161
1000
18665
11320
16081
74177
93413
21310
90312
64241
77816
12630
78818
45083
27279
25996
79508
24559
34569
41795
25882
52010
39345
56811
68077
4945
36717
31420
32423
66466
22228
60884
64757
70564
92759
21791
98752
32752
25264
27175
38462
8361
95101
45995
97627
28877
44088
76238
20406
92323
64747
23255
67700
57601
30628
45196
4059
69891
13107
36328
22868
74493
27089
63934
38037
37884
51992
58718
9784
93903
45744
63483
69026
21000
64900
78242
86288
31590
36289
85213
76159
31391
69680
40461
38880
63275
89486
39530
93909
29782
13934
48873
20473
65133
17095
55015
58920
74773
21253
8682
83435
30533
13919
65376
25723
95354
83223
19487
16900
53709
53726
47643
63644
54418
30410
12379
80402
20925
12965
52116
70267
86911
83541
17411
9722
31852
85351
21146
5858
46397
47116
8720
86900
66525
51560
72692
2787
60889
57851
68380
93616
83160
71403
9828
42349
22467
18879
88419
18163
21934
42189
30451
18088
77662
67771
4697
12240
68174
52127
74152
54517
84460
57989
44092
52444
63398
17511
46559
57439
47753
30675
99836
32645
58519
18368
79004
81850
32494
72160
31834
90588
4624
93924
66002
18504
55477
44027
52166
61003
95884
4609
93041
65465
12524
71701
95958
31553
26570
96566
29917
15421
62261
69145
61159
2411
44749
17195
12056
52606
6621
55377
80183
68728
44810
47996
86040
29302
62945
59931
46503
66988
60225
98760
37596
18446
70484
47906
94715
31242
78625
43023
58195
23654
81736
39416
23561
3928
84366
93014
95733
23651
85897
67341
43638
20766
86780
73051
65566
24055
16301
28376
74631
390
94155
62782
6121
77517
37838
46781
17943
48482
11066
63323
59133
17475
83223
29056
69827
18632
92030
64050
66959
19648
23705
75898
28884
21430
23253
87445
3969
26813
91581
47760
62440
94392
64884
26564
35378
36272
65298
43873
30872
10053
42992
65175
14035
24181
66913
16314
23267
18614
40136
37796
87566
84823
32925
19034
70069
277
81865
42965
67265
34755
28154
23774
28633
70115
32709
14959
77223
9586
66310
3168
3358
89913
92125
27459
49724
22573
28785
31506
44863
2494
56966
57356
4466
40935
88278
72624
45495
69690
87558
18684
85400
76255
46342
46008
92772
51223
9320
36832
80359
22035
6209
10306
32144
91550
95519
9197
57752
96542
58311
35107
810
19951
87863
80124
54127
28149
36467
81445
77453
99107
50866
55458
53506
89527
77783
48936
9141
26203
76018
16265
10355
32889
30837
77240
53735
8791
80066
63096
47753
71992
4606
5777
90313
36193
41935
5172
16946
79386
14320
7298
43146
27165
967
68775
71639
42874
10785
88968
97831
80725
59459
5765
48028
63968
13847
30996
95145
79787
45198
49580
71010
69763
90562
73384
5711
33211
96004
3307
48957
51417
15630
19631
51007
4091
91725
55122
41426
70643
5289
44941
95673
60608
78718
95147
84577
13565
54877
38780
85861
10307
48581
53465
27442
9902
86224
23144
55858
32919
44661
31174
63499
19501
6025
331
10248
7705
13486
71689
48230
56154
91617
70903
55601
49534
36147
92646
48836
5163
14218
7968
52779
17687
56782
64712
56476
728
79910
23659
90662
5030
68011
28980
94561
3995
64269
48901
29342
91152
30161
38778
380
67104
87344
92527
53628
69831
17913
59509
70998
71679
12457
54767
31906
16768
75228
59719
33747
66297
64486
50506
15355
61330
12712
82222
62946
30857
69920
70749
73784
21083
80836
64562
34707
25880
40360
16226
33336
90964
96575
39657
62930
76862
73684
25707
71670
8445
88248
32063
3582
22261
85246
68636
16631
16503
78434
22044
56164
79707
76446
7579
81284
5116
31326
72634
85266
71169
10159
82047
55031
14044
10794
39064
81200
41279
84712
91685
50026
82439
7566
38403
74925
56464
32679
41132
58042
95313
17072
70684
10494
86083
66356
77518
48400
3583
25847
6748
41728
83482
5684
35415
3919
24308
968
40068
15577
57171
37182
89896
19705
6205
36206
98443
92022
95488
16580
77512
98088
38573
48737
69998
84580
18125
47919
32925
5353
39111
32024
36109
15686
43396
7846
78168
4778
26736
55359
18466
35111
60917
35074
59738
78206
4391
6979
77020
44373
59551
99408
12004
11097
35919
54503
2282
39777
60898
28488
96810
19642
22580
5515
87763
74515
72768
5886
23736
89093
70580
1079
13914
67114
1056
94187
68087
97613
53293
29060
58768
48458
7311
63724
64431
36545
55012
40863
11759
46314
46548
73652
53466
60871
92889
63011
79356
80769
50906
52986
82637
94082
60173
90111
8557
13137
88680
53548
30118
67352
33404
35908
77168
38338
38810
76661
12321
36213
71517
31174
42072
77398
42244
66262
60961
96291
47490
23264
31218
94660
2025
52391
32853
37539
18999
67754
89281
47686
71354
3197
77532
28800
55424
62318
94461
75469
95692
65730
3208
81963
20010
81790
47681
57498
18590
45207
35250
95564
56178
39435
43917
98691
67489
48296
40196
59447
73939
82024
45236
22498
4968
82817
15513
96157
50116
21239
69598
45741
47991
14041
51677
18787
45370
73714
6100
11795
76816
31081
2104
97076
32777
70750
37741
18948
87247
45452
64148
26865
15979
76718
25944
61767
72690
16442
84393
73410
76627
66490
3529
14727
24895
64907
99570
7523
62359
111
11999
67885
99892
86334
41867
12867
57802
67526
15079
32881
97435
16919
65483
32267
59252
76268
83789
96933
66117
54696
20974
15240
17807
9141
58672
67649
12233
15853
78722
5402
60659
53247
4534
6828
34280
3769
95592
1569
56455
49955
40921
92338
19729
40077
87755
9261
1937
19444
76042
17676
71440
299
99057
26076
6030
32333
31782
68494
34301
96478
82448
93045
31055
67613
72662
8739
10898
36994
82281
34073
47238
13854
65263
66178
35371
68665
54593
28976
85665
34421
87069
44520
93379
80958
35955
44062
8917
727
83016
52228
14693
2245
70547
37683
13482
49382
57282
86495
60496
23933
56771
42104
26754
18546
54881
29042
5177
87298
23103
63621
22104
74121
57321
27144
48569
3834
87139
26584
81807
78685
27689
98836
95584
92850
88057
48392
24904
53541
93120
27142
58969
8989
1331
25105
37329
48798
10739
65277
32475
53992
43167
85359
76917
98624
91990
39774
8605
36522
52501
60246
59399
19297
55008
34736
91552
20677
83867
98784
7595
22715
92525
82496
23702
84928
37925
66803
6464
59326
1706
37172
84780
46592
54262
93934
56564
20154
91413
94867
92317
49204
25473
64914
40029
46527
94341
2630
31500
62847
