100
1000
8622039
433572
1401111
3509843
9148340
1587065
6127175
8442353
2787094
6440956
9271131
2712665
2031987
7141568
662799
2526721
2496232
4986592
2887387
7633158
4297479
4127055
103981
2355696
4713208
1523426
3228879
6861161
9723125
2855100
9195326
9168212
2082283
4649660
266085
7879312
8460980
3125263
8873069
8808532
9042653
3550519
8631809
7644779
4234476
3053258
4493542
6968564
7971609
2126609
7203768
6020416
4916295
6982690
5892983
7218794
7618870
9295954
8991074
7279471
4662149
4827148
1981470
5035070
701900
2516632
4907530
5437563
9441390
8426981
5655211
2075113
6289201
6735497
6256031
9273312
872284
381631
3806420
8913330
6627916
8953811
6270345
7112927
2259642
4569127
8639447
4146145
9085296
918313
1400533
2955850
5236907
3151826
620806
1567808
3441938
761244
5483033
3499275
327639
5057577
4593862
972116
9616578
212146
7655086
9838446
6994648
8109251
2094488
2866498
6817872
849872
3517548
9757722
3173970
1201120
4937993
8910825
2468788
2255588
8390554
1886959
592232
6931476
8969501
9117232
8474818
7798068
3631706
955091
8794161
7048806
1728260
5597198
7962243
5723855
4606723
5787792
6758439
4605762
3529340
541315
6821635
8908934
9340510
4084330
890056
1376291
8332658
4258170
3909520
9426693
1770317
7275493
1468749
5589237
6024489
4646661
2408462
5850614
8289121
921853
5973013
8680463
8424818
4813844
2146080
715360
9459898
6652636
1728927
3008769
4983539
8242588
4470344
5265879
9165197
1613931
5767692
6467642
3901945
7356237
8200233
5701334
1251662
4969484
4678859
90975
538666
1645295
803576
6697811
6905258
6594127
3627898
6323643
3647351
6662453
3233804
5958593
1908983
1087886
3191544
4311170
9723255
1292449
5408698
9494435
7032219
6940552
6390346
3045665
3223128
1571878
4707594
2486759
8548081
2697049
5717192
1621147
8357366
3594766
8358715
4596390
9613707
3335207
4684556
276794
4503827
148788
8658749
9810221
5544172
336037
3671672
7355401
5363639
9901477
2663649
6100716
4549648
9784496
1896231
1027569
6927036
2193097
1587009
4756829
6839512
7425040
1908568
7429628
223642
9805927
8260977
6350518
5800905
8164924
8162506
4148601
2726115
822975
853696
2167179
9376576
8846236
9911367
6534962
9233034
4069946
7867189
4482749
1718555
1325785
5074116
4137131
4175150
6140001
9966652
3606902
5905165
7597675
1577993
5987541
2878479
5295755
4909900
812055
1699198
734567
1521423
1152067
1156297
8441728
9368148
1698070
8503971
8616312
6678727
6986366
9937591
5055671
9569616
484454
3965193
4617943
9460800
2582417
9764874
6848220
7296683
594567
9218832
9966752
8414989
6638995
387922
3004327
3523617
817324
6519624
7884937
9059490
2998299
9607713
395444
549113
1282712
9967955
8590452
8053058
6912986
1463229
8697498
6973181
267425
9845880
7117472
1503641
8205042
8725133
4084911
5942709
9942012
4954057
117242
7705205
5506967
5433415
9046059
3235488
2433667
9119107
4354683
7509552
4543613
9321385
1338135
548741
4014997
9072860
8813061
8112058
6819028
5431828
9613092
9243061
7989948
6062767
6544886
9008223
2296620
1396867
2454215
3682060
3348236
9219557
3985624
3784168
5583445
8067135
9571978
4081365
746919
9860709
5233241
5602122
3119449
7970163
7227256
8857085
1656913
2408177
5776423
4307810
7128218
9751908
2433005
1329055
1115781
9368478
9003547
8747869
9196545
5503024
8254360
8276762
3448989
4538194
7703408
6661716
3343671
7168706
1130936
2075099
6700496
7130406
8809057
1769318
3066623
9156957
6019254
44302
703125
5363875
8922219
187966
5470130
8340049
3066532
5868713
5087806
3536259
1219419
1026253
677530
4889337
9154331
623592
3312721
5980683
9204384
9525578
9568527
6215282
6029388
8114157
9841868
5106331
2349366
5663746
7520424
9414176
6331040
8453324
6797049
4666507
6700591
3444228
4816722
8634635
5025161
9170610
6235279
1173479
1804914
5668101
6993144
4344715
4983684
1026148
364926
3520707
9030231
9358808
8700792
5613265
9701233
5245530
8366861
3791101
9113908
1697792
9145562
4808129
3275340
3191058
3954555
1691211
4202364
574745
7509464
1882534
7802686
6384043
9829017
2908419
5696898
9975397
8951401
912570
3063080
8752017
2200817
476449
8154129
6261004
6039607
479839
3244184
4865579
6624637
1631198
7573022
3622166
2865192
969848
7800093
6656662
4586340
5205312
7523099
308101
7208381
1282050
2147837
8975744
5814787
3123967
8135601
7025993
5295440
8315607
7903598
968493
9632434
6029440
8841663
9676377
6770683
1013127
3807771
7381530
5036643
1678810
2217560
8721759
2586145
6422457
7426638
6002821
3920420
5054457
2810294
1670409
3233416
8263120
2885284
4771864
1626949
9160073
8110689
7446474
3549974
7805132
1615017
764924
596347
8332061
5884458
7459774
2337019
5003912
7293219
3255400
3948343
489609
8611917
8120479
7661354
5139278
68815
9639221
6778658
2635785
1858479
5352872
1200216
5150803
499705
9035739
4498517
7728626
1078949
7027119
2626071
9992228
4979012
5006746
8575867
9287714
295861
220792
8347071
3606519
8487216
923301
5921069
6100625
7235037
3649462
462300
9379705
6607284
5134014
9070862
2843526
9638509
998156
8195973
5548061
4144308
24560
7456221
8286993
9798443
5653796
9615078
1935055
9986333
731357
9224152
7912811
5406565
3629572
5452119
1950361
8617048
9677442
3545528
3245161
585608
2156913
2830510
8841731
8499732
4816851
8035582
5908194
3130859
9317608
5386258
5607896
2052469
6426544
6906112
2144770
6311730
7988455
8020376
8139328
7707253
2610278
3623341
3099001
117005
1850337
3641751
6514620
4511506
2344567
3946123
5776552
9457363
7484222
274273
1450418
9428122
2731041
5640562
2322941
4847603
4988017
5398066
675462
6038057
8974262
9775013
1082238
3146711
9697585
2155485
5914674
6371283
1002484
3911468
152093
5932555
8365973
3570205
339500
3724534
8166009
9302174
5632920
4555567
2000193
2094394
8826940
5644060
6771646
1284062
7730544
6233091
3588199
4557892
641067
9493680
6727159
3108190
7237701
1854404
2943042
8422443
8635493
9369733
2417307
5089922
9130563
6299780
6571647
9029856
3103336
3034021
8711688
1805610
1846180
5920096
2605262
2484259
6670590
766795
5693080
2581579
1467999
202794
3377473
2528989
3607559
7849061
7881188
4839983
4163833
907669
8548670
35205
3365659
4556693
2759894
5950080
5681208
8012411
9816018
8806937
483386
698595
1175029
5729089
2031967
7302253
1221484
2479845
2652293
8724647
3792339
6517874
1054728
7713001
3226119
1559435
8835303
2127285
4111725
7905316
5776349
1150321
4508274
1731147
7278795
5612907
3263400
7606062
2214878
8514380
8573047
1305694
3325141
4854335
6064906
5774359
2556578
687007
8487258
1436584
1801652
6648261
6675742
3754789
5487141
8228369
7904305
1286630
9324908
6365485
8624014
5717776
2230404
6990422
3887100
1976424
73889
4403682
985465
4404008
4187776
5154388
2344978
3351338
3194750
2604446
6930746
4224429
6954294
5169193
2844977
3362190
7889465
1223387
3208856
3502887
9806745
1511854
4203967
7231945
1854511
7603904
7229187
1216862
2083420
4741767
9555985
1436365
3160113
36961
6182765
3961352
9979391
1480729
7167982
4645023
2757333
4028534
6183168
7731985
6740789
1297169
7351295
4663134
3994472
3798581
2503002
7578561
5876615
5120299
4043772
9148575
7095259
8598947
5690316
4274924
7640058
4293158
5275006
789494
6392459
9883905
421955
5414401
7660586
9896288
2365903
4208182
8205211
9990628
9355373
2424058
458341
3035463
5141306
7449840
4731555
7260680
8644342
6487635
7177424
68505
5251909
8277898
2292694
2171111
8721322
1887064
6933857
6158623
9216202
8269025
7987171
7674162
1753651
7475776
7299028
535121
7690327
3300049
5982702
5157846
8539355
9962162
742507
1109906
9421989
1674076
780933
3327324
2392667
4997278
9006153
5355626
142658
830825
3816237
9275160
3716037
8964005
964708
6493472
5061459
9898439
9400875
8100150
2382091
271244
3788403
7076082
9911565
1548133
4362459
5159762
5220168
885577
229403
6002719
9389890
7937787
5158220
9761733
7870229
9250049
3398087
4242140
4699728
4399786
484136
553846
183023
9352102
4822562
7184913
6479568
5314992
9312501
9290502
4941081
9802521
2308112
1252933
6949897
9603876
8027865
6644411
8841994
4139356
5132540
8436428
1471098
4587902
5455821
9115222
